1.00000000 -0.00000000 0.00000000 0.00000000 -0.00000000 1.00000000 0.00000000 0.00000000 -0.00000000 0.00000000 1.00000000 0.00000000
1.00000069 -0.00001892 -0.00004327 -0.00359773 0.00001770 1.00000039 0.00015443 0.00011029 0.00004329 -0.00015411 1.00000042 -0.00023276
1.00000063 -0.00023169 0.00036902 -0.00529612 0.00023120 1.00000037 0.00027268 -0.00099696 -0.00036974 -0.00027195 1.00000063 -0.00045526
1.00000023 -0.00031467 0.00036735 -0.00834700 0.00031438 1.00000041 0.00008199 -0.00192928 -0.00036711 -0.00008105 1.00000051 -0.00147156
1.00000033 -0.00029777 0.00036446 -0.01192152 0.00029706 1.00000038 -0.00008909 -0.00198649 -0.00036442 0.00009032 1.00000023 -0.00248625
1.00000056 -0.00046642 -0.00012670 -0.01464394 0.00046541 1.00000053 -0.00031395 -0.00151101 0.00012643 0.00031446 1.00000006 -0.00348743
1.00000021 -0.00067748 -0.00042885 -0.01650265 0.00067605 0.99999988 -0.00083893 -0.00058660 0.00042916 0.00083933 1.00000021 -0.00486607
0.99999953 -0.00124147 -0.00047520 -0.01802710 0.00124005 0.99999897 -0.00125793 0.00170373 0.00047714 0.00125862 0.99999957 -0.00642507
0.99999710 -0.00247791 -0.00008210 -0.01923468 0.00247712 0.99999580 -0.00122498 0.00548560 0.00008520 0.00122566 0.99999907 -0.00757798
0.99999430 -0.00361832 0.00002370 -0.01992444 0.00361722 0.99999362 -0.00095027 0.00843424 -0.00002098 0.00095081 0.99999964 -0.00853703
0.99999517 -0.00313820 -0.00082510 -0.02353669 0.00313622 0.99999430 -0.00108175 0.00864921 0.00082896 0.00107951 0.99999953 -0.00828109
0.99999683 -0.00274444 -0.00067668 -0.02755647 0.00274210 0.99999385 -0.00217816 0.00890180 0.00068323 0.00217682 0.99999734 -0.01193315
0.99999315 -0.00387693 -0.00022260 -0.03089609 0.00387476 0.99998489 -0.00393614 0.01180248 0.00023792 0.00393557 0.99999248 -0.01633690
0.99998324 -0.00568471 -0.00151638 -0.03197037 0.00567809 0.99997772 -0.00361922 0.01927505 0.00153640 0.00361128 0.99999258 -0.01745794
0.99997524 -0.00691651 -0.00136475 -0.03276261 0.00691137 0.99997147 -0.00304558 0.02849040 0.00138555 0.00303686 0.99999493 -0.01700002
0.99996932 -0.00787625 -0.00018080 -0.03227562 0.00787493 0.99996620 -0.00233442 0.03893437 0.00019882 0.00233321 0.99999745 -0.01983664
0.99995882 -0.00904076 0.00096736 -0.03172768 0.00904342 0.99995497 -0.00285389 0.04893865 -0.00094088 0.00286273 0.99999549 -0.02472581
0.99994398 -0.01053764 0.00135683 -0.03211019 0.01054066 0.99994070 -0.00290470 0.05897555 -0.00132651 0.00292058 0.99999543 -0.02698950
0.99992160 -0.01238695 0.00196744 -0.03775328 0.01239170 0.99991966 -0.00293243 0.06688414 -0.00193035 0.00295714 0.99999393 -0.02434945
0.99989908 -0.01419002 0.00136751 -0.04334413 0.01419358 0.99989523 -0.00284049 0.07441587 -0.00132663 0.00286075 0.99999530 -0.02346873
0.99987849 -0.01554859 0.00169429 -0.04853396 0.01555401 0.99987354 -0.00345514 0.08283195 -0.00164014 0.00348190 0.99999343 -0.02501641
0.99985078 -0.01701691 0.00306167 -0.05391314 0.01703024 0.99984542 -0.00451191 0.09348906 -0.00298440 0.00456464 0.99998518 -0.02674282
0.99979484 -0.02004427 0.00314057 -0.05628297 0.02006139 0.99978304 -0.00561381 0.11090553 -0.00302764 0.00567697 0.99998006 -0.02808851
0.99970428 -0.02401260 0.00401775 -0.05867982 0.02403910 0.99968948 -0.00666473 0.13404434 -0.00385682 0.00675986 0.99997033 -0.03055847
0.99956650 -0.02911752 0.00445159 -0.06113362 0.02915774 0.99952874 -0.00960196 0.16864879 -0.00416958 0.00972843 0.99994431 -0.03517926
0.99936161 -0.03561457 0.00283234 -0.06417380 0.03564924 0.99927102 -0.01366251 0.21563585 -0.00234339 0.01375481 0.99990355 -0.04175377
0.99905994 -0.04335200 0.00080743 -0.06584806 0.04335970 0.99894023 -0.01544589 0.27253102 -0.00013663 0.01546721 0.99988066 -0.04549919
0.99871942 -0.05055199 0.00225387 -0.06991936 0.05057736 0.99863155 -0.01328120 0.33598420 -0.00157928 0.01337868 0.99991008 -0.04560499
0.99827508 -0.05871456 -0.00110943 -0.08691429 0.05869912 0.99822215 -0.01033318 0.39247302 0.00171377 0.01025083 0.99994605 -0.04112409
0.99779460 -0.06638650 -0.00023698 -0.10730309 0.06638300 0.99778032 -0.00534365 0.44672642 0.00059067 0.00531721 0.99998560 -0.03718592
0.99718952 -0.07490782 0.00128874 -0.12715174 0.07491205 0.99717967 -0.00465036 0.50551301 -0.00093613 0.00473450 0.99998880 -0.03583976
0.99631307 -0.08569936 -0.00411771 -0.14351257 0.08564995 0.99626643 -0.01084716 0.57691191 0.00503208 0.01045578 0.99993306 -0.04118420
0.99497405 -0.09997931 -0.00552132 -0.15468646 0.09987756 0.99486641 -0.01630253 0.66115028 0.00712261 0.01567030 0.99985169 -0.04646488
0.99331639 -0.11540681 -0.00226041 -0.16726529 0.11535193 0.99318084 -0.01692155 0.75059425 0.00419855 0.01654831 0.99985500 -0.04625211
0.99158267 -0.12944594 -0.00285616 -0.18564664 0.12938627 0.99147417 -0.01548308 0.84444455 0.00483626 0.01498384 0.99987602 -0.04255149
0.98958632 -0.14386441 -0.00469759 -0.20779476 0.14377717 0.98949020 -0.01539122 0.94049961 0.00686205 0.01455611 0.99987123 -0.03994656
0.98690893 -0.16121307 -0.00475314 -0.22525456 0.16113193 0.98683226 -0.01413871 1.03903390 0.00697021 0.01318820 0.99988878 -0.03405027
0.98434413 -0.17625549 0.00094849 -0.24639825 0.17625446 0.98429060 -0.01035766 1.13277269 0.00089222 0.01036398 0.99994590 -0.02345059
0.98187962 -0.18922888 0.01029863 -0.28062280 0.18930384 0.98189509 -0.00688767 1.21690404 -0.00880865 0.00871271 0.99992323 -0.01404602
0.97881533 -0.20362088 0.02143097 -0.31379301 0.20377297 0.97900470 -0.00518772 1.30563638 -0.01992518 0.00944575 0.99975765 -0.01347373
0.97470083 -0.22152344 0.02977799 -0.34088917 0.22175475 0.97509106 -0.00470017 1.40283582 -0.02799479 0.01118590 0.99954604 -0.01852500
0.96941420 -0.24263903 0.03693328 -0.36825685 0.24283052 0.97006900 -0.00074699 1.50839644 -0.03564677 0.00969282 0.99931786 -0.02302221
0.96335246 -0.26519473 0.04031091 -0.39802668 0.26512333 0.96418839 0.00717486 1.61967683 -0.04076890 0.00377574 0.99916176 -0.01715245
0.95712113 -0.28695730 0.03969696 -0.43611196 0.28646459 0.95792773 0.01768385 1.73810525 -0.04310067 -0.00555283 0.99905525 -0.00477353
0.95070060 -0.30840519 0.03249903 -0.48540037 0.30751540 0.95108165 0.02963166 1.86069678 -0.04004745 -0.01817614 0.99903231 0.01415663
0.94330098 -0.33175401 0.01106252 -0.54362653 0.33103412 0.94266769 0.04236826 1.99202330 -0.02448367 -0.03630372 0.99904172 0.04292075
0.93385895 -0.35708153 -0.02003727 -0.61303770 0.35763820 0.93209949 0.05731613 2.12650721 -0.00178904 -0.06069012 0.99815547 0.08418156
0.92203106 -0.38407162 -0.04846483 -0.68374841 0.38673679 0.91942547 0.07136567 2.25990906 0.01715023 -0.08454383 0.99627233 0.12942110
0.90990585 -0.41081046 -0.05751298 -0.76762228 0.41436444 0.90660680 0.07979112 2.35550772 0.01936290 -0.09643363 0.99515136 0.15566429
0.89873880 -0.43715666 -0.03410621 -0.84212358 0.43842443 0.89460921 0.08636440 2.45669172 -0.00724282 -0.09257103 0.99568037 0.14477099
0.88887028 -0.45814235 0.00393379 -0.92036675 0.45593855 0.88537420 0.09073324 2.55699845 -0.04505043 -0.07885563 0.99586789 0.11431064
0.88031360 -0.47304307 0.03577052 -1.01288604 0.46839852 0.87866444 0.09247772 2.65051576 -0.07517519 -0.06465437 0.99507265 0.08764318
0.87070519 -0.48951701 0.04738831 -1.11352983 0.48422732 0.87015111 0.09144585 2.74252604 -0.08599972 -0.05667474 0.99468204 0.07619944
0.86004954 -0.50892375 0.03623906 -1.21814123 0.50459178 0.85894040 0.08722488 2.83091254 -0.07551785 -0.05673103 0.99552935 0.08556956
0.84747196 -0.53063437 0.01481153 -1.32652288 0.52780675 0.84527901 0.08320864 2.91425154 -0.05667261 -0.06269866 0.99642255 0.10910717
0.83371497 -0.55215639 -0.00657289 -1.43686372 0.55088541 0.83085967 0.07872535 2.98906003 -0.03800712 -0.06925543 0.99687482 0.13216308
0.82065759 -0.57126903 -0.01320544 -1.54849155 0.57052936 0.81786736 0.07476245 3.06066830 -0.03190814 -0.06888759 0.99711446 0.13458545
0.81000376 -0.58640516 -0.00492144 -1.66002192 0.58515253 0.80766307 0.07264379 3.12867113 -0.03862272 -0.06172147 0.99734672 0.11609296
0.80332051 -0.59551027 0.00677306 -1.75427630 0.59327886 0.80119995 0.07810257 3.14396233 -0.05193694 -0.05872175 0.99692262 0.11891985
0.79690082 -0.60398379 0.01234473 -1.85197847 0.60095541 0.79466053 0.08583326 3.16030950 -0.06165201 -0.06098157 0.99623316 0.14065277
0.78939804 -0.61381062 0.00938297 -1.95164144 0.61106977 0.78715221 0.08357089 3.17454019 -0.05868230 -0.06023691 0.99645796 0.15336816
0.78128287 -0.62411959 0.00851164 -2.05451738 0.62190014 0.77952480 0.07472055 3.18320293 -0.05326908 -0.05308351 0.99716874 0.13525961
0.77292172 -0.63433069 0.01475971 -2.16933457 0.63202744 0.77175219 0.07029051 3.19729894 -0.05597729 -0.04499985 0.99741823 0.10018354
0.77099787 -0.63662161 0.01660789 -2.31292658 0.63475143 0.77032106 0.06080115 3.21512896 -0.05150029 -0.03633491 0.99801208 0.08064158
0.76999678 -0.63783062 0.01664794 -2.46368161 0.63651221 0.76969142 0.04927839 3.23672293 -0.04424507 -0.02734709 0.99864712 0.07061875
0.76485001 -0.64387714 0.02066189 -2.61564093 0.64294755 0.76496675 0.03801546 3.27400484 -0.04028227 -0.01579126 0.99906417 0.04870775
0.76031878 -0.64907679 0.02480585 -2.77353918 0.64853706 0.76071186 0.02678466 3.31667713 -0.03625506 -0.00427715 0.99933393 0.03487842
0.75749833 -0.65239968 0.02390500 -2.93606758 0.65220799 0.75786844 0.01615498 3.36953274 -0.02865580 0.00335417 0.99958399 0.03591859
0.75554330 -0.65456161 0.02654059 -3.06814985 0.65446324 0.75597459 0.01340640 3.52815747 -0.02883886 0.00724076 0.99955837 0.03883989
0.75317544 -0.65720290 0.02849284 -3.20166679 0.65717842 0.75364737 0.01153291 3.69307728 -0.02905290 0.01003960 0.99952759 0.04170016
0.75002345 -0.66090270 0.02594299 -3.33325774 0.66092858 0.75039772 0.00875300 3.86036482 -0.02525166 0.01058186 0.99962584 0.05475085
0.74463170 -0.66705470 0.02372159 -3.46129540 0.66715713 0.74490433 0.00441557 4.03339004 -0.02061546 0.01253869 0.99970939 0.06749646
0.73962015 -0.67261638 0.02345294 -3.59320412 0.67280203 0.73982251 -0.00005142 4.20471996 -0.01731624 0.01581734 0.99972521 0.07813712
0.73566728 -0.67701766 0.02100492 -3.72722875 0.67726297 0.73570356 -0.00745679 4.36864997 -0.01040479 0.01971200 0.99975224 0.09357406
0.73161210 -0.68137696 0.02169439 -3.86727480 0.68168022 0.73154916 -0.01222612 4.53566302 -0.00753958 0.02373417 0.99969041 0.10223771
0.72723823 -0.68589364 0.02600924 -4.00751743 0.68634739 0.72707621 -0.01698960 4.70671919 -0.00725731 0.03020685 0.99951808 0.09785434
0.72363861 -0.68936783 0.03347465 -4.15331731 0.69009512 0.72345714 -0.01947420 4.88216225 -0.01079232 0.03719361 0.99924988 0.07558712
0.72151342 -0.69136173 0.03792507 -4.30590492 0.69231432 0.72120660 -0.02373841 5.05313446 -0.01093894 0.04338483 0.99899918 0.05223445
0.71776927 -0.69539300 0.03517423 -4.48412598 0.69624488 0.71733052 -0.02607056 5.21066303 -0.00710185 0.04320327 0.99904159 0.05504368
0.71220328 -0.70133178 0.03002347 -4.65966113 0.70197001 0.71167994 -0.02739734 5.37088189 -0.00215223 0.04058789 0.99917388 0.07771640
0.70476316 -0.70893070 0.02696842 -4.83132831 0.70944164 0.70430685 -0.02540254 5.53747080 -0.00098513 0.03703581 0.99931373 0.10711976
0.69978824 -0.71362199 0.03227482 -5.00364733 0.71427858 0.69964598 -0.01739809 5.70208237 -0.01016464 0.03522868 0.99932816 0.12976551
0.70094789 -0.71197092 0.04207005 -5.19307621 0.71289156 0.70118355 -0.01135851 5.85362821 -0.02141068 0.03795323 0.99905065 0.13679749
0.70033153 -0.71244185 0.04432226 -5.38136227 0.71345325 0.70060735 -0.01155795 6.00738670 -0.02281797 0.03971604 0.99895051 0.14512873
0.69626260 -0.71675500 0.03850880 -5.57000910 0.71758221 0.69634469 -0.01344598 6.16927533 -0.01717811 0.03699587 0.99916800 0.16357585
0.69311070 -0.72019343 0.03033357 -5.76762813 0.72073683 0.69308683 -0.01302777 6.33084258 -0.01163994 0.03089330 0.99945568 0.18397395
0.69002750 -0.72330297 0.02637614 -5.96572726 0.72368078 0.69008560 -0.00829060 6.49297089 -0.01220455 0.02480895 0.99961766 0.20290755
0.68572018 -0.72731434 0.02833304 -6.15049575 0.72764126 0.68595470 -0.00189468 6.65825223 -0.01805700 0.02191605 0.99959686 0.21010265
0.68142572 -0.73090957 0.03782586 -6.35157244 0.73124041 0.68208642 0.00678429 6.82154418 -0.03075818 0.02303797 0.99926167 0.20588307
0.67908375 -0.73260993 0.04615087 -6.56241739 0.73289000 0.68020925 0.01372271 6.97805036 -0.04144499 0.02450479 0.99884107 0.20374782
0.67778890 -0.73364757 0.04861963 -6.78500269 0.73373649 0.67915733 0.01939613 7.13416553 -0.04724894 0.02252826 0.99862908 0.21065810
0.67512325 -0.73623648 0.04653286 -7.01036303 0.73585244 0.67655449 0.02820887 7.30044065 -0.05225033 0.01519744 0.99851889 0.22738239
0.66948258 -0.74146694 0.04495147 -7.23250183 0.74034653 0.67096602 0.04114163 7.48037421 -0.06066612 0.00573695 0.99814173 0.25294008
0.66499841 -0.74555974 0.04379271 -7.46411106 0.74400179 0.66643915 0.04816965 7.66155319 -0.06509872 0.00054976 0.99787869 0.27303883
0.66150556 -0.74852470 0.04607166 -7.70494021 0.74681066 0.66310730 0.05062726 7.83664307 -0.06844581 0.00091659 0.99765523 0.28127688
0.65796974 -0.75178653 0.04351070 -7.95759891 0.75062886 0.65938842 0.04200384 8.01461039 -0.06026808 0.00502436 0.99817003 0.28189704
0.65275334 -0.75573865 0.05265477 -8.21030928 0.75466280 0.65475938 0.04211970 8.20022777 -0.06630649 0.01224296 0.99772408 0.26911108
0.64761276 -0.75915394 0.06545456 -8.44940755 0.75783254 0.65065484 0.04835251 8.38346779 -0.07929480 0.01829086 0.99668409 0.26133103
0.64368549 -0.76146202 0.07645861 -8.71825971 0.75962214 0.64785869 0.05704380 8.56995025 -0.09297048 0.02136170 0.99543962 0.27990405
0.63865520 -0.76513254 0.08180652 -8.98906637 0.76284358 0.64349470 0.06312464 8.75804805 -0.10094001 0.02209135 0.99464779 0.30032386
0.63160634 -0.77106715 0.08080025 -9.26274146 0.76807340 0.63650711 0.07016049 8.95320209 -0.10552720 0.01774695 0.99425869 0.32262557
0.62922298 -0.77335533 0.07746934 -9.54228602 0.76944641 0.63389058 0.07833024 9.13666322 -0.10968376 0.01032262 0.99391371 0.35677274
0.62955762 -0.77363853 0.07170034 -9.83290690 0.76969912 0.63360030 0.07819893 9.30766553 -0.10592708 0.00595755 0.99435679 0.39274828
0.62929760 -0.77401172 0.06993575 -10.11742072 0.77082171 0.63310288 0.07081414 9.47671691 -0.09908711 0.00934541 0.99503507 0.41950115
0.62640353 -0.77643738 0.06902685 -10.39213674 0.77360320 0.63009448 0.06722918 9.65611838 -0.09569175 0.01128675 0.99534733 0.45425207
0.62255479 -0.77942776 0.07012573 -10.66404947 0.77544640 0.62647009 0.07885805 9.84376574 -0.10539562 0.00528520 0.99441644 0.49632330
0.62137661 -0.78009431 0.07310447 -10.93621501 0.77429297 0.62565879 0.09498952 10.02480715 -0.11983866 -0.00242039 0.99279069 0.53131023
0.62443153 -0.77717324 0.07803103 -11.21423474 0.77012010 0.62926620 0.10458976 10.19667034 -0.13038665 -0.00521505 0.99145037 0.55796053
0.62554479 -0.77645024 0.07629061 -11.49765429 0.76955861 0.63015088 0.10338997 10.37090970 -0.12835078 -0.00596422 0.99171095 0.56798087
0.62331838 -0.77871820 0.07123369 -11.77360015 0.77114867 0.62723892 0.10909172 10.55222613 -0.12963124 -0.01306685 0.99147610 0.57813950
0.62403328 -0.77899603 0.06122120 -12.06222843 0.77040693 0.62646052 0.11841636 10.73326792 -0.13059701 -0.02672965 0.99107515 0.60036011
0.62438686 -0.77951017 0.05005895 -12.34943932 0.76937000 0.62480651 0.13299325 10.92122155 -0.13494591 -0.04452536 0.98985260 0.64334385
0.62282711 -0.78124248 0.04180606 -12.63164573 0.77088472 0.62193439 0.13760363 11.11402608 -0.13350271 -0.05347552 0.98960522 0.68349315
0.62279664 -0.78108858 0.04500639 -12.92202914 0.77051957 0.62231689 0.13791864 11.30077245 -0.13573355 -0.05121609 0.98942098 0.69881251
0.62330655 -0.78035777 0.05031394 -13.21416950 0.77042503 0.62384471 0.13139458 11.48305663 -0.13392203 -0.04313517 0.99005325 0.70480438
0.62115632 -0.78212435 0.04946694 -13.50602893 0.77330821 0.62194770 0.12319617 11.67727132 -0.12711938 -0.03827034 0.99114893 0.71489920
0.61982090 -0.78318813 0.04938937 -13.80869967 0.77501019 0.62080205 0.11817254 11.87282260 -0.12321117 -0.03496773 0.99176439 0.71835030
0.61755274 -0.78493108 0.05012860 -14.11270182 0.77738281 0.61882182 0.11285541 12.07102163 -0.11960324 -0.03072484 0.99234624 0.70063003
0.61644282 -0.78595562 0.04766801 -14.42166105 0.77856328 0.61745249 0.11221853 12.28323498 -0.11763104 -0.03206312 0.99253955 0.65837740
0.61552589 -0.78735252 0.03470406 -14.73453003 0.78034566 0.61503506 0.11310761 12.49605960 -0.11039943 -0.04253922 0.99297704 0.63951174
0.61404520 -0.78906659 0.01797166 -15.05629420 0.78221359 0.61143623 0.11953287 12.71933958 -0.10530744 -0.05934009 0.99266820 0.65323523
0.61241220 -0.79053580 0.00245563 -15.37498737 0.78382492 0.60761262 0.12816369 12.94805911 -0.10280977 -0.07656436 0.99175010 0.67181878
0.61276923 -0.79021847 -0.00835819 -15.69140880 0.78359944 0.60619987 0.13599216 13.16734725 -0.10239584 -0.08988024 0.99067491 0.67990574
0.61276514 -0.79004432 -0.01867398 -16.01146112 0.78449241 0.60526957 0.13498153 13.38408239 -0.09533846 -0.09736144 0.99067308 0.67124341
0.61136837 -0.79063194 -0.03362923 -16.33090745 0.78817773 0.60457138 0.11519384 13.58916847 -0.07074388 -0.09693058 0.99277450 0.65731873
0.60985431 -0.79134169 -0.04310404 -16.64448793 0.79085120 0.60415239 0.09775452 13.78561390 -0.05131457 -0.09370456 0.99427676 0.62669610
0.61141120 -0.78984870 -0.04813889 -16.96440068 0.79023730 0.60627640 0.08918813 13.97895515 -0.04125966 -0.09257133 0.99485117 0.58417068
0.61305214 -0.78846736 -0.04986155 -17.27359950 0.78851002 0.60671550 0.10074020 14.17806476 -0.04917729 -0.10107430 0.99366265 0.54297860
0.61301674 -0.78842179 -0.05100638 -17.56283590 0.78744053 0.60444001 0.12079014 14.38854825 -0.06440343 -0.11421037 0.99136769 0.47671809
0.61612574 -0.78611940 -0.04905279 -17.84691020 0.78390836 0.60594966 0.13532783 14.59721812 -0.07665960 -0.12183081 0.98958637 0.40434909
0.62474286 -0.77982207 -0.03969896 -18.13559756 0.77548479 0.61372351 0.14821357 14.78628357 -0.09121576 -0.12338069 0.98815868 0.33225706
0.63356242 -0.77261654 -0.04078076 -18.42924573 0.76947804 0.62374159 0.13729795 14.96203076 -0.08064123 -0.11836575 0.98969030 0.28323068
0.63445590 -0.77154949 -0.04666964 -18.71448685 0.77089760 0.62720406 0.11104693 15.14480147 -0.05640694 -0.10643208 0.99271903 0.23161937
0.63380786 -0.77248258 -0.03948206 -18.99595844 0.77223711 0.62905223 0.08912176 15.33349978 -0.04400805 -0.08697447 0.99523804 0.15930869
0.63588330 -0.77149098 -0.02135535 -19.27463789 0.77016026 0.63250701 0.08239044 15.52471964 -0.05005460 -0.06883721 0.99637208 0.05942816
0.64035270 -0.76808120 0.00008637 -19.55883415 0.76521542 0.63797367 0.08622881 15.72468706 -0.06628532 -0.05515056 0.99627554 -0.05517666
0.64445131 -0.76447454 0.01619203 -19.83987543 0.76050295 0.64301718 0.09036126 15.93414068 -0.07949008 -0.04591825 0.99577749 -0.16322797
0.64785985 -0.76127477 0.02716134 -20.12560638 0.75607251 0.64696400 0.09895599 16.15245707 -0.09290465 -0.04357274 0.99472149 -0.24129346
0.65235391 -0.75713536 0.03436627 -20.45093494 0.75074081 0.65173947 0.10781655 16.39509141 -0.10402928 -0.04453418 0.99357658 -0.21739578
0.65951147 -0.75093894 0.03370597 -20.77844275 0.74474246 0.65883862 0.10625645 16.63456017 -0.10199879 -0.04497465 0.99376737 -0.17549170
0.66395556 -0.74708592 0.03205224 -21.10520675 0.74127156 0.66321892 0.10323814 16.88087020 -0.09838445 -0.04478567 0.99414076 -0.13196166
0.66739747 -0.74396351 0.03316477 -21.42854999 0.73865647 0.66698648 0.09755573 17.13184661 -0.09469773 -0.04061053 0.99467791 -0.10846193
0.67265380 -0.73906396 0.03636041 -21.75243821 0.73482324 0.67295935 0.08462359 17.37629731 -0.08701093 -0.03020272 0.99574949 -0.10639602
0.67835275 -0.73356811 0.04143300 -22.08249296 0.72999522 0.67929885 0.07523186 17.62487789 -0.08333258 -0.02078677 0.99630562 -0.10621638
0.68277855 -0.72916962 0.04611150 -22.40732163 0.72540053 0.68407948 0.07635430 17.88426554 -0.08721792 -0.01868352 0.99601483 -0.09417984
0.68579191 -0.72611295 0.04950584 -22.72727629 0.72151905 0.68721637 0.08452712 18.16252756 -0.09539660 -0.02224812 0.99519056 -0.06046375
0.69213297 -0.71988950 0.05207649 -23.04565645 0.71433927 0.69354916 0.09332209 18.43726320 -0.10329888 -0.02739060 0.99427302 -0.02031837
0.70196719 -0.71019623 0.05352492 -23.36581859 0.70523816 0.70361901 0.08694370 18.69753737 -0.09940805 -0.02328383 0.99477485 0.00885520
0.70826893 -0.70467980 0.04221842 -23.68428629 0.70239881 0.70943738 0.05776387 18.97262694 -0.07065603 -0.01125719 0.99743728 0.01464773
0.71557964 -0.69783658 0.03115681 -24.00251077 0.69684014 0.71623942 0.03763085 19.23868458 -0.04857512 -0.00521624 0.99880646 0.02739550
0.72178041 -0.69200120 0.01299130 -24.32156181 0.69142170 0.72176709 0.03144861 19.51798253 -0.03113872 -0.01371628 0.99942154 0.05283390
0.72804788 -0.68551335 0.00425755 -24.62663487 0.68455119 0.72732957 0.04880854 19.80884581 -0.03655574 -0.03261973 0.99879934 0.06485331
0.73508282 -0.67793487 -0.00760627 -24.92414157 0.67681934 0.73312689 0.06664738 20.11076998 -0.03960566 -0.05413880 0.99774835 0.07841124
0.74091770 -0.67106782 -0.02664630 -25.21640729 0.67067770 0.73724919 0.08157479 20.41408891 -0.03509655 -0.07831076 0.99631092 0.09428151
0.74927562 -0.66042172 -0.04930129 -25.51764709 0.66169618 0.74349256 0.09684182 20.70342020 -0.02730037 -0.10518315 0.99407851 0.13590176
0.75977560 -0.64476649 -0.08377132 -25.82898330 0.65018480 0.75324677 0.09939551 20.97175081 -0.00098693 -0.12998444 0.99151554 0.19676061
0.76374606 -0.63486031 -0.11681184 -26.12563525 0.64502606 0.75762107 0.09976371 21.25410642 0.02516325 -0.15153984 0.98813108 0.24256915
0.76625429 -0.62720216 -0.13954798 -26.40151906 0.64079454 0.76192403 0.09410162 21.53096849 0.04730428 -0.16152716 0.98573456 0.24024300
0.76783825 -0.62262252 -0.15088908 -26.64293479 0.63733267 0.76629785 0.08121515 21.80195092 0.06506026 -0.15852518 0.98520961 0.17216249
0.77514008 -0.61448942 -0.14683827 -26.87382517 0.62843791 0.77382240 0.07914826 22.06232752 0.06499091 -0.15362893 0.98598954 0.08712486
0.78647587 -0.60196748 -0.13817302 -27.10660000 0.61426504 0.78566794 0.07351719 22.31450936 0.06430376 -0.14269354 0.98767612 -0.00746762
0.79687516 -0.58987644 -0.13052610 -27.32974788 0.60062584 0.79680575 0.06594415 22.56896898 0.06510533 -0.13094614 0.98925019 -0.09735120
0.80610105 -0.57813198 -0.12635085 -27.55077880 0.58814941 0.80629178 0.06304174 22.83837589 0.06542962 -0.12512998 0.98998054 -0.16991145
0.81608761 -0.56397936 -0.12620908 -27.77361369 0.57425515 0.81591034 0.06724495 23.11761700 0.06505095 -0.12735332 0.98972178 -0.23665155
0.82837944 -0.54740868 -0.11887884 -27.99327721 0.55729178 0.82683109 0.07600463 23.39867130 0.05668734 -0.12921087 0.98999569 -0.31954420
0.84239294 -0.52710283 -0.11197236 -28.21347527 0.53661332 0.83953613 0.08500157 23.67980434 0.04920034 -0.13168962 0.99006908 -0.39551240
0.85533254 -0.50633720 -0.10968174 -28.43230288 0.51570286 0.85236643 0.08673194 23.96441053 0.04957335 -0.13074696 0.99017568 -0.46021341
0.86663538 -0.49098820 -0.08873959 -28.62442735 0.49772858 0.86314143 0.08517170 24.25792325 0.03477633 -0.11798000 0.99240756 -0.53216812
0.87763174 -0.47428632 -0.06939574 -28.80418458 0.47868574 0.87474260 0.07539778 24.59585607 0.02494331 -0.09939019 0.99473595 -0.56487743
0.88824239 -0.45649877 -0.05134374 -28.98302806 0.45916470 0.88566153 0.06907532 24.93300178 0.01394079 -0.08493035 0.99628970 -0.59309391
0.89755938 -0.43947545 -0.03534552 -29.16076005 0.44086407 0.89555009 0.06024946 25.27986365 0.00517576 -0.06965963 0.99755753 -0.63410143
0.90346133 -0.42755529 -0.03090440 -29.32509845 0.42856804 0.90246858 0.04336242 25.63495186 0.00935082 -0.05241968 0.99858120 -0.69100170
0.90905172 -0.41587713 -0.02594185 -29.49180919 0.41647613 0.90880383 0.02499195 25.99816986 0.01318233 -0.03352219 0.99935188 -0.75820577
0.91443922 -0.40459768 -0.01013891 -29.65501237 0.40471835 0.91427795 0.01731666 26.36658043 0.00226372 -0.01993802 0.99979859 -0.81761919
0.91848108 -0.39545474 -0.00312890 -29.80767600 0.39542241 0.91823045 0.02223755 26.74316990 -0.00592060 -0.02166115 0.99974862 -0.83908165
0.92159157 -0.38815124 0.00287209 -29.95686585 0.38771948 0.92086948 0.04090591 27.13275056 -0.01852230 -0.03658390 0.99915884 -0.82946095
0.92423392 -0.38181472 0.00318322 -30.10396049 0.38097590 0.92269904 0.05903304 27.51795069 -0.02547684 -0.05334682 0.99825106 -0.81331484
0.92660123 -0.37604495 -0.00092110 -30.25197888 0.37528654 0.92457337 0.06576702 27.89760764 -0.02387986 -0.06128517 0.99783464 -0.79273478
0.93047728 -0.36628396 0.00704324 -30.41489769 0.36506312 0.92864492 0.06593429 28.24531456 -0.03069180 -0.05877769 0.99779997 -0.76135370
0.93539001 -0.35337794 0.01304976 -30.57821224 0.35204918 0.93407819 0.05966469 28.58832155 -0.03327382 -0.05121482 0.99813350 -0.73879952
0.93826536 -0.34590371 0.00329593 -30.73131907 0.34528946 0.93709012 0.05136008 28.93784638 -0.02085447 -0.04705042 0.99867541 -0.71549683
0.93973130 -0.34190869 -0.00217915 -30.87948457 0.34154455 0.93839761 0.05250005 29.29180261 -0.01590502 -0.05007967 0.99861855 -0.68634640
0.94207988 -0.33528452 -0.00835532 -31.03436395 0.33526780 0.94078454 0.05020944 29.64715764 -0.00897306 -0.05010167 0.99870382 -0.66935851
0.94584751 -0.32460445 -0.00245036 -31.18837306 0.32438872 0.94488554 0.04432271 30.00553913 -0.01207197 -0.04271648 0.99901473 -0.67263693
0.95058811 -0.31045318 0.00133913 -31.34369242 0.31025603 0.95012199 0.03177442 30.35738841 -0.01113627 -0.02978802 0.99949481 -0.66954170
0.95299708 -0.30289939 0.00703443 -31.48444098 0.30264075 0.95276978 0.02527732 30.72523353 -0.01435875 -0.02195928 0.99965604 -0.64693174
0.95379482 -0.29935956 0.02568072 -31.60400166 0.29865591 0.95395130 0.02796371 31.10081924 -0.03286852 -0.01900108 0.99927923 -0.61153868
0.95588018 -0.29103112 0.03993274 -31.72422579 0.28994145 0.95654517 0.03090828 31.47451135 -0.04719311 -0.01796607 0.99872482 -0.58251226
0.96016051 -0.27776030 0.03069246 -31.85698407 0.27696016 0.96047686 0.02789183 31.82447212 -0.03722679 -0.01828020 0.99913957 -0.57558018
0.96358210 -0.26725440 0.00924256 -31.99877183 0.26702552 0.96347017 0.02058085 32.17714965 -0.01440480 -0.01736227 0.99974545 -0.58443568
0.96473483 -0.26311232 -0.00772728 -32.12572958 0.26321220 0.96456978 0.01805300 32.53842571 0.00270362 -0.01944944 0.99980762 -0.58047141
0.96606693 -0.25774054 -0.01692129 -32.23963898 0.25808611 0.96584394 0.02318327 32.90226633 0.01036873 -0.02676358 0.99958871 -0.55907142
0.96862118 -0.24842807 -0.00763587 -32.34661973 0.24854421 0.96816543 0.02970222 33.26315879 0.00001471 -0.03066758 0.99952999 -0.53274172
0.97058039 -0.24064794 0.00793203 -32.43684823 0.24029379 0.97019074 0.03145267 33.62283725 -0.01526426 -0.02862057 0.99947404 -0.50995162
0.97266471 -0.23109759 0.02277065 -32.52300743 0.23026992 0.97253301 0.03400823 33.97725338 -0.03000411 -0.02783506 0.99916259 -0.48969899
0.97601192 -0.21599410 0.02735976 -32.62906927 0.21523655 0.97615664 0.02814594 34.32046186 -0.03278730 -0.02158110 0.99922969 -0.49024741
0.97939462 -0.20133533 0.01586028 -32.74255907 0.20115257 0.97948161 0.01241125 34.65713839 -0.01803400 -0.00896476 0.99979716 -0.49902985
0.98117187 -0.19308509 -0.00464661 -32.84239035 0.19305990 0.98117339 -0.00522753 34.99110256 0.00556824 0.00423267 0.99997610 -0.50437023
0.98223072 -0.18704734 -0.01541285 -32.91927777 0.18683770 0.98229012 -0.01407805 35.33322162 0.01777350 0.01094884 0.99978231 -0.53594490
0.98444810 -0.17561672 -0.00467466 -32.98821160 0.17555756 0.98440916 -0.01093724 35.66527588 0.00652236 0.00994626 0.99992968 -0.55980720
0.98726142 -0.15894593 0.00723922 -33.05075568 0.15893924 0.98728799 0.00138781 35.99274240 -0.00736743 -0.00021936 0.99997292 -0.55855607
0.99017998 -0.13963120 0.00691128 -33.11267767 0.13955435 0.99015931 0.01045889 36.30204113 -0.00830324 -0.00939122 0.99992203 -0.55452017
0.99250339 -0.12219451 0.00245176 -33.17480945 0.12216175 0.99245355 0.01064544 36.60064616 -0.00373406 -0.01026527 0.99994098 -0.57009449
0.99420824 -0.10740355 -0.00385003 -33.22624233 0.10742347 0.99419827 0.00549083 36.88011592 0.00323873 -0.00587203 0.99997815 -0.59332493
0.99587520 -0.09072650 -0.00157384 -33.27115648 0.09073445 0.99585395 0.00647936 37.13923517 0.00097925 -0.00659502 0.99997824 -0.60279445
0.99733152 -0.07227639 0.01037254 -33.31158057 0.07217017 0.99734034 0.01021531 37.38655669 -0.01108321 -0.00943902 0.99989487 -0.60274856
0.99827459 -0.05820395 0.00787014 -33.34441797 0.05811095 0.99824401 0.01148015 37.62355793 -0.00852443 -0.01100214 0.99990362 -0.60026667
0.99889140 -0.04707914 0.00013945 -33.37658283 0.04707498 0.99884706 0.00947346 37.85308235 -0.00058554 -0.00945559 0.99995558 -0.60076723
0.99935018 -0.03552811 -0.00616611 -33.38958860 0.03554206 0.99936595 0.00235709 38.08581884 0.00607800 -0.00257452 0.99997907 -0.61284587
0.99962057 -0.02754337 -0.00127445 -33.38467298 0.02753754 0.99961392 -0.00365592 38.31471176 0.00137551 0.00362027 0.99999331 -0.63257247
0.99979066 -0.02011484 0.00385127 -33.37477230 0.02013313 0.99978565 -0.00495842 38.54306822 -0.00375010 0.00503589 0.99998048 -0.65244538
0.99992298 -0.01236925 -0.00142196 -33.37485554 0.01236479 0.99992001 -0.00295389 38.77172218 0.00145788 0.00293713 0.99999508 -0.66500509
0.99991170 -0.00405554 -0.01271801 -33.38385894 0.00407837 0.99999058 0.00176831 39.00433170 0.01270972 -0.00181985 0.99991781 -0.67284522
0.99971882 0.00281648 -0.02355325 -33.38836337 -0.00263962 0.99996836 0.00756846 39.24166149 0.02357416 -0.00750419 0.99969390 -0.67757275
0.99945462 0.00805995 -0.03203916 -33.38185332 -0.00761250 0.99987285 0.01406899 39.47618909 0.03214840 -0.01381665 0.99938769 -0.68249838
0.99944779 0.01470705 -0.02981993 -33.37216418 -0.01404432 0.99965217 0.02234200 39.71450146 0.03013842 -0.02190939 0.99930612 -0.67964849
0.99944354 0.02279819 -0.02437078 -33.35928484 -0.02212115 0.99937153 0.02770808 39.95274117 0.02498696 -0.02715330 0.99931906 -0.68047384
0.99937688 0.02857033 -0.02074167 -33.33993224 -0.02794443 0.99916145 0.02992914 40.19016555 0.02157925 -0.02932997 0.99933676 -0.69177738
0.99926559 0.03556454 -0.01427033 -33.32982847 -0.03506035 0.99880115 0.03415810 40.41355691 0.01546883 -0.03363175 0.99931464 -0.69226688
0.99876408 0.04750249 -0.01469301 -33.33220757 -0.04693312 0.99821426 0.03696124 40.63610907 0.01642264 -0.03622500 0.99920910 -0.69397038
0.99824897 0.05568195 -0.01996923 -33.32684526 -0.05492380 0.99781513 0.03673289 40.86293197 0.02197107 -0.03557026 0.99912590 -0.69799585
0.99805419 0.05764599 -0.02379154 -33.30182493 -0.05681618 0.99779905 0.03421129 41.09052005 0.02571113 -0.03279212 0.99913206 -0.69965760
0.99779211 0.06169242 -0.02460635 -33.27788378 -0.06090563 0.99764445 0.03157577 41.32008865 0.02649648 -0.03000740 0.99919872 -0.70024097
0.99675561 0.07344131 -0.03296005 -33.27270522 -0.07242753 0.99689341 0.03097716 41.55376450 0.03513289 -0.02848886 0.99897659 -0.70011273
0.99456914 0.08767906 -0.05608525 -33.28180168 -0.08586041 0.99572485 0.03406968 41.79169782 0.05883238 -0.02906808 0.99784438 -0.70029723
0.99118708 0.09506449 -0.09225762 -33.28336441 -0.09190547 0.99504593 0.03792842 42.04180243 0.09540628 -0.02911465 0.99501270 -0.70439994
0.98825435 0.09745833 -0.11771430 -33.27013971 -0.09351902 0.99487088 0.03855717 42.29878522 0.12086831 -0.02709488 0.99229894 -0.71843806
0.98752614 0.10458671 -0.11770952 -33.24731560 -0.10091778 0.99421681 0.03672584 42.55999445 0.12086928 -0.02438790 0.99236909 -0.73995139
0.98648257 0.11601942 -0.11572922 -33.20780702 -0.11288212 0.99304926 0.03332690 42.83415845 0.11879205 -0.01981226 0.99272218 -0.78645757
0.98622155 0.12985031 -0.10250151 -33.16370951 -0.12739810 0.99139293 0.03015592 43.11239367 0.10553516 -0.01668133 0.99427609 -0.83288110
0.98580942 0.14451253 -0.08542808 -33.10913747 -0.14247479 0.98935767 0.02952610 43.39987432 0.08878638 -0.01693542 0.99590732 -0.88302032
0.98380584 0.15942069 -0.08192744 -33.05306458 -0.15719916 0.98701790 0.03292377 43.69453974 0.08611267 -0.01951107 0.99609478 -0.92176275
0.98093371 0.17531022 -0.08388231 -33.00190478 -0.17239451 0.98417949 0.04089024 44.00317960 0.08972337 -0.02564934 0.99563675 -0.94921859
0.97864705 0.19356556 -0.06916113 -32.95080193 -0.19029874 0.98039381 0.05113530 44.32328510 0.07770303 -0.03688069 0.99629484 -0.97882525
0.97425091 0.21387575 -0.07136674 -32.89412835 -0.20979514 0.97586874 0.06055425 44.65258624 0.08259496 -0.04402219 0.99561031 -1.01473803
0.96835530 0.23113481 -0.09415735 -32.83868505 -0.22489673 0.97169296 0.07235052 44.98961044 0.10821457 -0.04888386 0.99292542 -1.03996199
0.96266453 0.24511905 -0.11486852 -32.77288331 -0.23727846 0.96832294 0.07778768 45.33671756 0.13029673 -0.04762703 0.99033134 -1.06499201
0.95773711 0.25574281 -0.13166841 -32.69738278 -0.24682709 0.96572161 0.08036527 45.66522453 0.14770733 -0.04446870 0.98803113 -1.09270688
0.95476792 0.26824805 -0.12830491 -32.59447282 -0.26063518 0.96266213 0.07315586 46.04756690 0.14313792 -0.03640501 0.98903282 -1.13247008
0.95174485 0.28173703 -0.12168214 -32.48140481 -0.27584133 0.95912347 0.06320141 46.42835555 0.13451406 -0.02658577 0.99055560 -1.18541092
0.94919355 0.29450572 -0.11090155 -32.35422338 -0.28968696 0.95538222 0.05768392 46.82175991 0.12294140 -0.02262541 0.99215584 -1.23214324
0.94855553 0.30206655 -0.09486559 -32.20386457 -0.29798480 0.95298915 0.05493351 47.21638447 0.10699900 -0.02383834 0.99397417 -1.27364009
0.94627172 0.31430413 -0.07605294 -32.05731064 -0.31045979 0.94879784 0.05828542 47.62279358 0.09047731 -0.03154068 0.99539957 -1.30590613
0.94080234 0.33084742 -0.07370355 -31.92985253 -0.32576741 0.94262576 0.07302931 48.03949140 0.09363592 -0.04469554 0.99460281 -1.31516059
0.93357266 0.34495212 -0.09721786 -31.81441191 -0.33640279 0.93699134 0.09423822 48.45954747 0.12359987 -0.05527249 0.99079173 -1.31914792
0.92859574 0.35159662 -0.11870288 -31.68357045 -0.34029094 0.93437595 0.10557117 48.86837675 0.14803153 -0.05763956 0.98730154 -1.32999268
0.92421297 0.35807393 -0.13272045 -31.54508516 -0.34535535 0.93203989 0.10969347 49.27200092 0.16297840 -0.05554310 0.98506510 -1.34236019
0.92175273 0.36722968 -0.12455986 -31.40224796 -0.35514829 0.92842412 0.10907830 49.65814412 0.15570092 -0.05630557 0.98619834 -1.36926999
0.92200533 0.37670005 -0.08946363 -31.25717475 -0.36802129 0.92445221 0.09974727 50.04064109 0.12027913 -0.05904195 0.99098265 -1.40750742
0.91968384 0.38833987 -0.05809819 -31.10162701 -0.38179769 0.91895847 0.09872682 50.41114887 0.09172905 -0.06861521 0.99341761 -1.44787889
0.91447460 0.39975523 -0.06271784 -30.95611054 -0.39173037 0.91343403 0.11038994 50.78782305 0.10141739 -0.07637970 0.99190750 -1.48137726
0.90904182 0.41010713 -0.07385847 -30.82771469 -0.39925823 0.90794102 0.12742240 51.16371645 0.11931523 -0.08634229 0.98909554 -1.50345089
0.90367791 0.41929608 -0.08693475 -30.70178632 -0.40474854 0.90265140 0.14628555 51.54405096 0.13980811 -0.09700811 0.98541549 -1.49984575
0.89851637 0.42477434 -0.11061637 -30.57239894 -0.40644099 0.90030006 0.15577571 51.91131875 0.16575698 -0.09500660 0.98157957 -1.50490010
0.89652290 0.42985465 -0.10710996 -30.43001152 -0.41332058 0.89865224 0.14694024 52.26173750 0.15941726 -0.08746372 0.98332977 -1.53972206
0.89669488 0.43549697 -0.07925681 -30.26610479 -0.42403465 0.89648112 0.12851941 52.60354860 0.12702149 -0.08163367 0.98853553 -1.58648714
0.89343287 0.44594961 -0.05393027 -30.09955503 -0.43767226 0.89123345 0.11894084 52.93790213 0.10110557 -0.08266081 0.99143556 -1.65173167
0.88587098 0.46121434 -0.05015947 -29.95071209 -0.45361709 0.88376721 0.11483619 53.27920369 0.09729335 -0.07897531 0.99211781 -1.71203311
0.87932361 0.47182183 -0.06461826 -29.80809288 -0.46257655 0.87847390 0.11961420 53.63725508 0.11320164 -0.07528890 0.99071613 -1.74561845
0.87408455 0.48074855 -0.06969051 -29.65780340 -0.47057671 0.87358368 0.12413376 53.99834041 0.12055678 -0.07570741 0.98981531 -1.76601849
0.86653505 0.49346568 -0.07489447 -29.51418311 -0.48080992 0.86556640 0.14005973 54.35990458 0.13394062 -0.08535575 0.98730717 -1.75623023
0.86062428 0.50189348 -0.08618839 -29.35940472 -0.48673961 0.86048360 0.15050988 54.71588041 0.14970375 -0.08758023 0.98484481 -1.73836561
0.85560404 0.50612826 -0.10851894 -29.19256376 -0.49017057 0.85958493 0.14438725 55.05218811 0.16635872 -0.07034474 0.98355345 -1.76503933
0.85020419 0.50822180 -0.13734829 -29.03018038 -0.49244879 0.85998844 0.13384458 55.38610181 0.18613995 -0.04615694 0.98143830 -1.81588739
0.84729443 0.51226607 -0.14027595 -28.85876352 -0.49755573 0.85796367 0.12781809 55.72832470 0.18582770 -0.03850372 0.98182791 -1.85515125
0.84384438 0.52165487 -0.12571405 -28.68256714 -0.50736219 0.85194039 0.12954469 56.07527136 0.17467783 -0.04553194 0.98357244 -1.87656202
0.84054537 0.52909049 -0.11639388 -28.49332420 -0.51445584 0.84689496 0.13455541 56.41461580 0.16976529 -0.05321947 0.98404655 -1.88296334
0.83613653 0.53656666 -0.11390093 -28.30027619 -0.52190886 0.84212221 0.13580162 56.75875649 0.16878462 -0.05410217 0.98416771 -1.90470503
0.82968195 0.54467109 -0.12232009 -28.08996534 -0.52919802 0.83716031 0.13824899 57.10265205 0.17770192 -0.04997074 0.98281541 -1.94266076
0.82143193 0.55567259 -0.12836869 -27.88906680 -0.53728801 0.82949193 0.15253188 57.45695608 0.19123815 -0.05632243 0.97992719 -1.94168932
0.81088849 0.56729157 -0.14366784 -27.69309037 -0.54371388 0.82113335 0.17353833 57.81686986 0.21641748 -0.06260616 0.97429170 -1.94472581
0.80354088 0.57493387 -0.15418873 -27.47553001 -0.54852253 0.81579127 0.18332513 58.17033476 0.23118571 -0.06273275 0.97088532 -1.98154909
0.80163509 0.57910901 -0.14837490 -27.23079616 -0.55518819 0.81322166 0.17446104 58.50342595 0.22169353 -0.05747682 0.97342123 -2.04440632
0.79833808 0.58639014 -0.13712816 -26.98365003 -0.56635699 0.80848030 0.15999996 58.82897434 0.20468700 -0.05006943 0.97754658 -2.10485999
0.79308852 0.59536859 -0.12863725 -26.74412909 -0.57874031 0.80240306 0.14563391 59.16249582 0.18992480 -0.04105273 0.98094052 -2.14678565
0.78773429 0.60306386 -0.12565972 -26.51075443 -0.58988585 0.79723996 0.12823281 59.49650112 0.17751251 -0.02688733 0.98375174 -2.16505650
0.78509783 0.60654329 -0.12541239 -26.26339360 -0.59693346 0.79498891 0.10799544 59.81700066 0.16520446 -0.00992375 0.98620957 -2.20651772
0.78276978 0.61019511 -0.12220680 -26.00897514 -0.60409327 0.79222629 0.08631058 60.14002389 0.14948067 0.00626339 0.98874508 -2.25598336
0.78332988 0.61184201 -0.10975077 -25.74100971 -0.60783274 0.79090065 0.07082168 60.47597189 0.13013270 0.01123405 0.99143324 -2.29124088
0.78354070 0.61545840 -0.08529739 -25.46809882 -0.61190992 0.78816958 0.06599666 60.81922394 0.10784691 0.00048289 0.99416794 -2.30315673
0.78002272 0.62105147 -0.07655408 -25.20461856 -0.61458097 0.78335491 0.09298188 61.17854401 0.11771502 -0.02547833 0.99272107 -2.27756291
0.77893711 0.62319338 -0.06991075 -24.94207390 -0.61150848 0.77953935 0.13556062 61.55479356 0.13897868 -0.06284152 0.98830023 -2.21797264
0.78145851 0.62211452 -0.04792008 -24.67285142 -0.61024188 0.77803682 0.14921327 61.92700197 0.13011028 -0.08736024 0.98764313 -2.16263864
0.78240803 0.62182052 -0.03431874 -24.39850650 -0.61153273 0.77754539 0.14645867 62.27442085 0.11775494 -0.09360294 0.98862171 -2.13468442
0.78258189 0.62213577 -0.02266459 -24.11714361 -0.61374010 0.77709980 0.13942321 62.62262213 0.10435231 -0.09519957 0.98997350 -2.13758755
0.78348930 0.62135416 0.00809663 -23.82991648 -0.61715169 0.77653496 0.12695329 62.96859679 0.07259539 -0.10446331 0.99187608 -2.16572446
0.78443838 0.61958944 0.02768784 -23.53754519 -0.61788147 0.77685196 0.12134311 63.30910976 0.05367215 -0.11229383 0.99222516 -2.21044322
0.78489593 0.61925702 0.02146040 -23.26530381 -0.61628193 0.77659156 0.13077812 63.66681669 0.06431808 -0.11587282 0.99117938 -2.27192487
0.78557825 0.61873575 0.00585508 -23.07201576 -0.61287394 0.77676284 0.14500347 64.01825301 0.08516949 -0.11749957 0.98941422 -2.33000823
0.78960788 0.61360743 -0.00237642 -22.86542692 -0.60570775 0.78004882 0.15697814 64.36693285 0.09817592 -0.12251061 0.98759917 -2.35293406
