1.00000000 0.00000000 -0.00000000 0.00000000 -0.00000000 1.00000000 0.00000000 0.00000000 -0.00000000 0.00000000 1.00000000 0.00000000
0.99999692 0.00044017 0.00266974 0.03486574 -0.00041769 0.99996273 -0.00865994 0.62174701 -0.00267374 0.00865926 0.99995847 0.00777148
0.99997068 0.00258810 0.00725808 0.06866724 -0.00240982 0.99969585 -0.02455703 1.24451819 -0.00731848 0.02453860 0.99967223 -0.00210862
0.99992549 0.00612208 0.01059794 0.10142792 -0.00573408 0.99932601 -0.03627545 1.86708063 -0.01081251 0.03621223 0.99928512 -0.01105431
0.99991341 0.00925465 0.00933161 0.13473607 -0.00890490 0.99928193 -0.03685400 2.49847318 -0.00966570 0.03676685 0.99927680 0.00056136
0.99992172 0.01114109 0.00571674 0.16977555 -0.01097884 0.99955664 -0.02770321 3.12852071 -0.00602302 0.02763791 0.99959952 0.03606496
0.99993350 0.01091297 -0.00381825 0.20717963 -0.01096405 0.99984792 -0.01358960 3.75812057 0.00367003 0.01363062 0.99989987 0.08330603
0.99991483 0.01035308 -0.00795657 0.24317687 -0.01042664 0.99990373 -0.00921095 4.38825915 0.00786060 0.00929306 0.99992521 0.11946872
0.99988484 0.01232125 -0.00889902 0.28147918 -0.01242169 0.99985993 -0.01122523 5.00981134 0.00875996 0.01133429 0.99989702 0.13744568
0.99986829 0.01613003 -0.00188979 0.31660965 -0.01617031 0.99959731 -0.02335006 5.63193347 0.00151196 0.02337757 0.99972537 0.14013787
0.99970429 0.02078788 -0.01266562 0.34980901 -0.02122434 0.99915073 -0.03532892 6.25385145 0.01191997 0.03558708 0.99929521 0.14181067
0.99943072 0.02309803 -0.02458439 0.38724158 -0.02405207 0.99894118 -0.03924081 6.88475774 0.02365142 0.03980972 0.99892732 0.16946980
0.99926212 0.02554795 -0.02867743 0.42792095 -0.02662687 0.99892657 -0.03790768 7.52578683 0.02767864 0.03864308 0.99886967 0.20396978
0.99937298 0.02765271 -0.02210882 0.47863246 -0.02837575 0.99905107 -0.03305919 8.15778381 0.02117335 0.03366528 0.99920863 0.24334600
0.99941437 0.03244014 -0.01088495 0.52940626 -0.03269948 0.99916404 -0.02453623 8.78986906 0.01008045 0.02487842 0.99963986 0.28152708
0.99923507 0.03896426 -0.00335142 0.57797096 -0.03901575 0.99909519 -0.01696763 9.43194275 0.00268655 0.01708537 0.99985044 0.31701723
0.99902924 0.04352401 -0.00683898 0.63083159 -0.04361984 0.99894140 -0.01461716 10.06445280 0.00619548 0.01490088 0.99986937 0.35322989
0.99877440 0.04532641 -0.01987057 0.68293170 -0.04566637 0.99881345 -0.01695445 10.69715131 0.01907904 0.01784097 0.99965815 0.38499889
0.99869455 0.04495778 -0.02426353 0.74180077 -0.04547260 0.99874314 -0.02108941 11.34116512 0.02328522 0.02216522 0.99948228 0.41313677
0.99871320 0.04610249 -0.02113781 0.80644261 -0.04658223 0.99865484 -0.02278495 11.97644185 0.02005948 0.02374054 0.99951696 0.43269685
0.99867000 0.05039888 -0.01093222 0.86962548 -0.05059720 0.99854399 -0.01871368 12.62150385 0.00997298 0.01924214 0.99976517 0.45420884
0.99827348 0.05638420 -0.01644432 0.92493341 -0.05659697 0.99831549 -0.01277410 13.26553596 0.01569634 0.01368244 0.99978298 0.47453148
0.99790783 0.06106375 -0.02123962 0.98305753 -0.06127867 0.99807459 -0.00960398 13.90976030 0.02061198 0.01088528 0.99972801 0.49792691
0.99765416 0.06516196 -0.02100383 1.04769130 -0.06523666 0.99786583 -0.00286499 14.55561207 0.02077235 0.00422863 0.99977510 0.51063657
0.99731520 0.06721016 -0.02909242 1.11660772 -0.06735395 0.99772208 -0.00397006 15.20246791 0.02875945 0.00591823 0.99956812 0.51731790
0.99690575 0.07102269 -0.03369188 1.18332831 -0.07126223 0.99744032 -0.00593838 15.84874449 0.03318370 0.00832116 0.99941397 0.52805913
0.99661249 0.07450733 -0.03482930 1.25486599 -0.07468126 0.99720150 -0.00372240 16.50610282 0.03445416 0.00631031 0.99938580 0.53454822
0.99665605 0.07695569 -0.02748408 1.33614765 -0.07715889 0.99699837 -0.00639332 17.15528681 0.02690956 0.00849232 0.99960150 0.53240682
0.99637649 0.08024880 -0.02818486 1.41300881 -0.08056586 0.99669701 -0.01027566 17.81385791 0.02726692 0.01250940 0.99954937 0.53193317
0.99615307 0.08470486 -0.02244730 1.48959486 -0.08490921 0.99635394 -0.00832281 18.47203919 0.02166010 0.01019709 0.99971349 0.53673800
0.99606011 0.08700090 -0.01717533 1.57566743 -0.08715184 0.99616192 -0.00821887 19.14158825 0.01639495 0.00968306 0.99981822 0.54287678
0.99606139 0.08750471 -0.01431395 1.67555649 -0.08757736 0.99614759 -0.00452622 19.80240318 0.01386344 0.00576124 0.99988662 0.55742449
0.99587960 0.08886376 -0.01811150 1.76795970 -0.08896529 0.99602359 -0.00484934 20.47205996 0.01760812 0.00644042 0.99982348 0.57534765
0.99591848 0.08924792 -0.01345863 1.86485838 -0.08941307 0.99591943 -0.01224671 21.14302236 0.01231070 0.01339995 0.99983396 0.58315913
0.99596157 0.08945921 -0.00756254 1.96542224 -0.08963576 0.99559004 -0.02768297 21.80479346 0.00505309 0.02824898 0.99958766 0.58475963
0.99581118 0.09141143 0.00189257 2.06221733 -0.09127742 0.99512105 -0.03745049 22.46628865 -0.00530652 0.03712084 0.99929586 0.58252864
0.99559667 0.09361088 0.00505417 2.15862289 -0.09330344 0.99468210 -0.04362394 23.13655231 -0.00911012 0.04296044 0.99903485 0.59980155
0.99564934 0.09317233 0.00104984 2.26120335 -0.09304151 0.99473148 -0.04304976 23.80670304 -0.00505465 0.04276551 0.99907238 0.63184666
0.99565964 0.09302910 0.00288903 2.36130248 -0.09283211 0.99482322 -0.04134804 24.47586998 -0.00672048 0.04090025 0.99914028 0.67342933
0.99563050 0.09319715 0.00594259 2.46513427 -0.09288549 0.99486357 -0.04023602 25.13594123 -0.00966186 0.03950829 0.99917271 0.70750628
0.99563272 0.09322583 0.00495165 2.56745520 -0.09298772 0.99500869 -0.03621043 25.80572420 -0.00830275 0.03559155 0.99933200 0.74453108
0.99540094 0.09569999 0.00435568 2.64980563 -0.09552471 0.99495754 -0.03057574 26.48185171 -0.00726014 0.03001960 0.99952228 0.79604473
0.99538982 0.09588009 0.00242179 2.73662848 -0.09579201 0.99509734 -0.02462821 27.14866565 -0.00477127 0.02428193 0.99969303 0.84489469
0.99537301 0.09605984 0.00230014 2.82465824 -0.09599652 0.99518678 -0.01970474 27.81592368 -0.00418180 0.01939199 0.99980329 0.88962323
0.99518752 0.09795468 0.00261460 2.91206246 -0.09789033 0.99502434 -0.01855265 28.48356139 -0.00441868 0.01820759 0.99982444 0.92731868
0.99505868 0.09927473 -0.00176400 2.99864906 -0.09929039 0.99491242 -0.01705592 29.15130666 0.00006185 0.01714657 0.99985235 0.96166600
0.99492817 0.09957162 -0.01424539 3.08334608 -0.09985855 0.99477859 -0.02108915 29.81890661 0.01207104 0.02240449 0.99967611 0.99419717
0.99475180 0.09806493 -0.02920173 3.16892012 -0.09901272 0.99453882 -0.03300462 30.49706969 0.02580687 0.03572271 0.99902773 1.02193132
0.99447395 0.09653253 -0.04128111 3.25590641 -0.09823839 0.99429738 -0.04150384 31.16538129 0.03704000 0.04532941 0.99828457 1.04860991
0.99450116 0.09831199 -0.03607840 3.33937805 -0.09994328 0.99390224 -0.04659103 31.84309750 0.03127863 0.04994044 0.99826237 1.07861126
0.99444549 0.10314428 -0.02097834 3.42544038 -0.10390398 0.99382078 -0.03905972 32.51009990 0.01681972 0.04102208 0.99901618 1.12301757
0.99389567 0.10637827 -0.02924661 3.52252584 -0.10714925 0.99389936 -0.02615456 33.18811523 0.02628592 0.02912844 0.99923005 1.17734636
0.99349467 0.10782858 -0.03662843 3.61610207 -0.10852668 0.99393818 -0.01762135 33.86622241 0.03450617 0.02148153 0.99917327 1.22286398
0.99366259 0.10798873 -0.03119663 3.72313649 -0.10855733 0.99394314 -0.01711417 34.53761992 0.02915993 0.02039178 0.99936631 1.24559416
0.99394954 0.10696577 -0.02495887 3.83582659 -0.10743399 0.99404547 -0.01823983 35.21070094 0.02285987 0.02081091 0.99952194 1.25498760
0.99359321 0.11147850 -0.01860906 3.93238788 -0.11202627 0.99320432 -0.03157436 35.88118525 0.01496254 0.03345663 0.99932799 1.26927269
0.99350669 0.11104623 -0.02476056 4.03815042 -0.11211883 0.99257396 -0.04720322 36.55331271 0.01933600 0.04967267 0.99857811 1.27833506
0.99351252 0.10659307 -0.03963177 4.14872774 -0.10889211 0.99216675 -0.06122497 37.22593215 0.03279527 0.06514337 0.99733682 1.29019489
0.99320477 0.10590617 -0.04826118 4.24696059 -0.10883994 0.99206872 -0.06287866 37.89625286 0.04121934 0.06770390 0.99685329 1.31047907
0.99331821 0.10787476 -0.04101863 4.34382285 -0.10962836 0.99303466 -0.04318941 38.57395192 0.03607334 0.04739769 0.99822397 1.36909040
0.99308703 0.10890181 -0.04381378 4.44450326 -0.10994028 0.99369535 -0.02200972 39.25073079 0.04114098 0.02667446 0.99879699 1.44962124
0.99291133 0.11246379 -0.03847023 4.54240634 -0.11283778 0.99358379 -0.00767182 39.92863857 0.03736039 0.01195840 0.99922969 1.50729815
0.99265650 0.11481808 -0.03807145 4.64207429 -0.11509696 0.99334097 -0.00520299 40.60904710 0.03722043 0.00954696 0.99926110 1.53111313
0.99278745 0.11456434 -0.03534452 4.75044273 -0.11511651 0.99325350 -0.01401150 41.28233487 0.03350069 0.01797859 0.99927684 1.52824768
0.99277583 0.11667356 -0.02800419 4.85735221 -0.11745260 0.99268411 -0.02799462 41.96540791 0.02453285 0.03108139 0.99921514 1.52733413
0.99299960 0.11565338 -0.02401872 4.97187502 -0.11654095 0.99239674 -0.03959124 42.62923322 0.01925811 0.04211309 0.99892690 1.52760490
0.99306644 0.11542845 -0.02224989 5.08330341 -0.11643847 0.99187572 -0.05123672 43.31237901 0.01615451 0.05347221 0.99843820 1.53516567
0.99320349 0.11504814 -0.01766033 5.19315114 -0.11586758 0.99168509 -0.05599805 43.99455114 0.01107198 0.05766346 0.99827457 1.55401864
0.99338996 0.11360062 -0.01647999 5.30738570 -0.11432855 0.99200828 -0.05338138 44.66602237 0.01028466 0.05491293 0.99843796 1.59088538
0.99333365 0.11484556 -0.00990492 5.41276137 -0.11520634 0.99199469 -0.05172315 45.34565600 0.00388620 0.05251883 0.99861193 1.63843601
0.99308491 0.11619040 -0.01677635 5.51651508 -0.11691106 0.99180658 -0.05150746 46.01493703 0.01065438 0.05311221 0.99853179 1.68604123
0.99322014 0.11326898 -0.02614733 5.62327914 -0.11466349 0.99159043 -0.06001729 46.70459228 0.01913013 0.06260822 0.99785470 1.73801900
0.99333743 0.11135740 -0.02966069 5.72554274 -0.11314541 0.99127680 -0.06759813 47.38361445 0.02187401 0.07050399 0.99727138 1.78817368
0.99347772 0.11080406 -0.02693119 5.83072116 -0.11247787 0.99106963 -0.07163500 48.06296859 0.01875372 0.07419702 0.99706732 1.83950888
0.99331889 0.11161367 -0.02932445 5.92669292 -0.11337234 0.99126645 -0.06736929 48.74999233 0.02154904 0.07024347 0.99729677 1.90820076
0.99321362 0.11282586 -0.02824252 6.02566024 -0.11430958 0.99175050 -0.05801094 49.42687596 0.02146429 0.06084584 0.99791576 1.98352925
0.99332825 0.11260521 -0.02487814 6.13092647 -0.11374716 0.99222140 -0.05059385 50.12499534 0.01898755 0.05308551 0.99840894 2.05724006
0.99337259 0.11282833 -0.02195716 6.23621656 -0.11370267 0.99255289 -0.04371933 50.80324163 0.01686049 0.04592641 0.99880178 2.12546816
0.99325256 0.11351077 -0.02378465 6.33368592 -0.11443400 0.99254764 -0.04189227 51.49112135 0.01885256 0.04433097 0.99883845 2.18446135
0.99328792 0.11377567 -0.02084781 6.43685538 -0.11456637 0.99253800 -0.04175671 52.17016101 0.01594184 0.04386512 0.99891016 2.23627106
0.99341443 0.11234634 -0.02248040 6.54290852 -0.11309311 0.99295889 -0.03527372 52.84948851 0.01835959 0.03758439 0.99912411 2.28985885
0.99350448 0.11214236 -0.01933864 6.64770038 -0.11279037 0.99294865 -0.03650363 53.52024056 0.01510933 0.03844755 0.99914582 2.31754528
0.99334865 0.11161809 -0.02829356 6.74969162 -0.11284036 0.99254480 -0.04606157 54.19082246 0.02294136 0.04894826 0.99853753 2.34186013
0.99366676 0.10839568 -0.02961369 6.85522058 -0.11008792 0.99191190 -0.06319114 54.86261894 0.02252463 0.06605088 0.99756114 2.35540422
0.99408487 0.10787452 -0.01256289 6.96137531 -0.10853054 0.99101179 -0.07821930 55.52471563 0.00401172 0.07911968 0.99685702 2.36394705
0.99394390 0.10945972 0.00966591 7.07026585 -0.10825268 0.99048436 -0.08498248 56.18562455 -0.01887609 0.08342164 0.99633531 2.39614056
0.99356588 0.11257021 0.01243871 7.17424831 -0.11136456 0.99105414 -0.07356026 56.84337715 -0.02060762 0.07170243 0.99721292 2.46539763
0.99354963 0.11268040 0.01272578 7.27805926 -0.11187346 0.99234244 -0.05236446 57.51020713 -0.01852946 0.05060324 0.99854621 2.54997565
0.99349431 0.11230974 0.01888886 7.39034750 -0.11154487 0.99304869 -0.03758114 58.16960009 -0.02297823 0.03522853 0.99911476 2.61215577
0.99366197 0.10976340 0.02423658 7.50666139 -0.10871622 0.99322752 -0.04099932 58.83089900 -0.02857218 0.03810418 0.99886492 2.65420330
0.99357056 0.10891493 0.03091823 7.61671755 -0.10691380 0.99243620 -0.06034333 59.48287307 -0.03725561 0.05665023 0.99769825 2.67103778
0.99375401 0.10954183 0.02130519 7.70936241 -0.10750563 0.99093990 -0.08051312 60.14228578 -0.02993189 0.07772026 0.99652498 2.69132964
0.99405798 0.10845080 0.00936289 7.80403966 -0.10716627 0.99010229 -0.09062635 60.80078008 -0.01909816 0.08908416 0.99584046 2.72973298
0.99413530 0.10809214 0.00353054 7.89291855 -0.10742352 0.99071198 -0.08337364 61.45612263 -0.01251032 0.08250568 0.99651189 2.80324607
0.99404273 0.10894923 0.00318199 7.98265404 -0.10857823 0.99235930 -0.05860401 62.11014683 -0.00954201 0.05790947 0.99827579 2.89839450
0.99389826 0.11028148 -0.00225336 8.07294243 -0.11029603 0.99335271 -0.03296530 62.76368836 -0.00139779 0.03301261 0.99945318 3.00197034
0.99368672 0.11182471 -0.00911523 8.16026660 -0.11196413 0.99357578 -0.01650428 63.41809403 0.00721150 0.01742082 0.99982222 3.08627764
0.99342758 0.11445050 -0.00171425 8.24987761 -0.11445470 0.99306197 -0.02700411 64.06515355 -0.00138805 0.02702331 0.99963335 3.13371363
0.99313447 0.11693979 -0.00292851 8.34388591 -0.11693478 0.99179287 -0.05170720 64.69473873 -0.00314180 0.05169435 0.99865742 3.14886154
0.99272296 0.12041123 -0.00178139 8.43757989 -0.12020459 0.98990928 -0.07503632 65.33446501 -0.00727143 0.07470442 0.99717908 3.16303506
0.99218099 0.12479385 0.00200766 8.52774422 -0.12423016 0.98899331 -0.08037328 65.96240166 -0.01201591 0.07949600 0.99676253 3.19482976
0.99213205 0.12514482 0.00360226 8.64999215 -0.12465185 0.99008702 -0.06473864 66.60333945 -0.01166805 0.06377985 0.99789585 3.25124607
0.99194968 0.12639173 0.00789690 8.77095796 -0.12598341 0.99123188 -0.03985666 67.24246052 -0.01286531 0.03854031 0.99917406 3.33226208
0.99180004 0.12715659 0.01279277 8.89102310 -0.12686522 0.99168801 -0.02145194 67.88157145 -0.01541429 0.01965288 0.99968797 3.41152347
0.99160582 0.12849864 0.01439088 9.01094356 -0.12815327 0.99149243 -0.02281435 68.49251613 -0.01719936 0.02077873 0.99963550 3.45747044
0.99155120 0.12952734 0.00707375 9.12976575 -0.12915452 0.99084373 -0.03935797 69.11502323 -0.01210616 0.03811179 0.99920012 3.47941337
0.99136110 0.13104767 0.00550510 9.24554876 -0.13050540 0.98971753 -0.05854465 69.72770175 -0.01312050 0.05731986 0.99826972 3.49053170
0.99100471 0.13379137 0.00316017 9.36056895 -0.13324747 0.98861882 -0.06984847 70.32997896 -0.01246904 0.06879907 0.99755268 3.50425597
0.99064380 0.13645561 0.00236804 9.47602241 -0.13597756 0.98835695 -0.06827626 70.94092445 -0.01165728 0.06731508 0.99766365 3.54073268
0.99025820 0.13919333 0.00377009 9.59142454 -0.13873258 0.98857129 -0.05899618 71.53062422 -0.01193807 0.05789872 0.99825037 3.59220496
0.98963543 0.14310315 0.01197380 9.70910015 -0.14231083 0.98847411 -0.05164864 72.13033368 -0.01922717 0.04940906 0.99859301 3.65015778
0.98945107 0.14453521 0.00985913 9.82587322 -0.14385711 0.98828549 -0.05096360 72.70080304 -0.01710887 0.04900789 0.99865187 3.68933690
0.98919955 0.14620711 0.01034817 9.93791976 -0.14545969 0.98792243 -0.05339383 73.27090546 -0.01802954 0.05131133 0.99851997 3.72402545
0.98891144 0.14814094 0.01046439 10.04924730 -0.14735685 0.98755441 -0.05498078 73.84125516 -0.01847885 0.05282880 0.99843193 3.75347359
0.98875189 0.14892366 0.01385604 10.16376247 -0.14797619 0.98750560 -0.05419762 74.40173690 -0.02175399 0.05153760 0.99843359 3.78587338
0.98843480 0.15058379 0.01794100 10.27962241 -0.14948495 0.98739995 -0.05191974 74.95227155 -0.02553276 0.04863722 0.99848940 3.81851232
0.98828774 0.15223360 0.01058409 10.38844059 -0.15150801 0.98713114 -0.05116190 75.50169083 -0.01823657 0.04895940 0.99863384 3.85301126
0.98789599 0.15417182 0.01711653 10.49855912 -0.15304431 0.98671608 -0.05448802 76.05168658 -0.02528953 0.05120861 0.99836721 3.88159609
0.98735805 0.15635482 0.02601627 10.61370318 -0.15474788 0.98640688 -0.05528364 76.58256602 -0.03430636 0.05055855 0.99813170 3.90391029
0.98680237 0.15871986 0.03207981 10.73012452 -0.15697912 0.98628496 -0.05099621 77.10340275 -0.03973335 0.04528694 0.99818300 3.92775838
0.98631669 0.16107703 0.03513506 10.84080193 -0.15968699 0.98638311 -0.03935532 77.62243093 -0.04099585 0.03320547 0.99860751 3.96663631
0.98582929 0.16429081 0.03390458 10.94646708 -0.16353491 0.98624535 -0.02403172 78.15000775 -0.03738551 0.01814601 0.99913585 4.01853569
0.98610248 0.16321609 0.03102221 11.05938971 -0.16300971 0.98658346 -0.00909229 78.66841909 -0.03208920 0.00390929 0.99947743 4.07144175
0.98647230 0.16096778 0.03103193 11.17888736 -0.16088100 0.98696007 -0.00529138 79.16864363 -0.03147896 0.00022734 0.99950360 4.10738257
0.98628422 0.16214376 0.03087835 11.28852958 -0.16179459 0.98673219 -0.01350080 79.66883023 -0.03265770 0.00831947 0.99943153 4.12302661
0.98582746 0.16482971 0.03123524 11.39220223 -0.16389563 0.98600805 -0.03044479 80.15883422 -0.03581577 0.02489393 0.99904825 4.12696432
0.98562946 0.16567931 0.03295752 11.50045341 -0.16398888 0.98526020 -0.04869735 80.65026151 -0.04053908 0.04259288 0.99826899 4.11919686
0.98571255 0.16736794 0.01893402 11.60096749 -0.16592434 0.98420178 -0.06178399 81.13026774 -0.02897517 0.05776027 0.99791007 4.11460062
0.98564969 0.16855352 0.00919153 11.69782735 -0.16754969 0.98349951 -0.06823587 81.59830781 -0.02054174 0.06571646 0.99762666 4.13001582
0.98589391 0.16734216 0.00324738 11.79730074 -0.16683618 0.98409525 -0.06101413 82.07557336 -0.01340561 0.05961161 0.99813133 4.16442234
0.98582824 0.16758116 0.00770107 11.89642924 -0.16701455 0.98474109 -0.04890236 82.54176371 -0.01577777 0.04692300 0.99877395 4.21245167
0.98574557 0.16755628 0.01520886 12.00483455 -0.16701117 0.98543790 -0.03194909 82.99911778 -0.02034034 0.02895300 0.99937303 4.26081397
0.98575062 0.16703368 0.01988860 12.11157867 -0.16667031 0.98583594 -0.01870283 83.45665016 -0.02273071 0.01512100 0.99962725 4.30297799
0.98555318 0.16803485 0.02122244 12.20896085 -0.16780976 0.98574693 -0.01201244 83.90299128 -0.02293761 0.00827763 0.99970188 4.34141781
0.98540275 0.16928979 0.01798134 12.30379156 -0.16916596 0.98555356 -0.00824018 84.34951530 -0.01911665 0.00507756 0.99980350 4.37170554
0.98544286 0.16933977 0.01507932 12.39897026 -0.16922390 0.98553995 -0.00870544 84.78721200 -0.01633454 0.00602701 0.99984783 4.38328612
0.98574598 0.16769648 0.01351472 12.50114943 -0.16752943 0.98578557 -0.01271156 85.21664513 -0.01545360 0.01026699 0.99982787 4.38176911
0.98575258 0.16745917 0.01581837 12.59892907 -0.16713420 0.98573116 -0.02004019 85.64617469 -0.01894737 0.01711045 0.99967380 4.36948712
0.98529942 0.16991725 0.01773453 12.68919979 -0.16941128 0.98517751 -0.02696425 86.07392692 -0.02205298 0.02356352 0.99947920 4.36802858
0.98535672 0.16964022 0.01714444 12.78434526 -0.16907775 0.98513950 -0.03022167 86.49166963 -0.02201633 0.02688082 0.99939565 4.37522199
0.98563667 0.16787305 0.01843431 12.88086146 -0.16718950 0.98534241 -0.03389771 86.89950203 -0.02385438 0.03032901 0.99925465 4.38215659
0.98551252 0.16881591 0.01634514 12.96647369 -0.16809871 0.98502720 -0.03826648 87.30581077 -0.02255944 0.03496459 0.99913339 4.38891239
0.98542423 0.16978897 0.01057453 13.04713099 -0.16920849 0.98467982 -0.04212531 87.71142893 -0.01756436 0.03972186 0.99905571 4.39555976
0.98488094 0.17301473 0.00875374 13.12561841 -0.17244833 0.98396272 -0.04561029 88.11650462 -0.01650456 0.04341054 0.99892032 4.40576905
0.98434018 0.17621147 0.00485137 13.21079231 -0.17583533 0.98344302 -0.04384522 88.51160576 -0.01249647 0.04230476 0.99902601 4.42794036
0.98355751 0.18053172 0.00474651 13.29321749 -0.18020711 0.98283116 -0.03960803 88.90661031 -0.01181488 0.03810094 0.99920394 4.44574415
0.98230629 0.18704622 0.00944680 13.37955160 -0.18660279 0.98178212 -0.03584125 89.30208935 -0.01597814 0.03344504 0.99931241 4.46469038
0.98087111 0.19446859 0.00857248 13.46862404 -0.19417006 0.98058123 -0.02756308 89.69765027 -0.01376523 0.02537121 0.99958300 4.48820332
0.97865303 0.20541973 0.00649896 13.55083120 -0.20524119 0.97847739 -0.02142034 90.09234590 -0.01075845 0.01962861 0.99974884 4.51019005
0.97579261 0.21858408 0.00716472 13.63676872 -0.21839008 0.97562772 -0.02139919 90.46735609 -0.01166774 0.01931708 0.99974494 4.53172068
0.97317623 0.22996712 0.00651224 13.73193865 -0.22976069 0.97296548 -0.02344260 90.84405355 -0.01172711 0.02131727 0.99970361 4.54743102
0.96984932 0.24369013 0.00281274 13.84489050 -0.24353436 0.96953548 -0.02633623 91.23374443 -0.00914539 0.02485769 0.99964852 4.55759756
0.96579669 0.25926501 0.00428815 13.96366472 -0.25906004 0.96548046 -0.02712357 91.60418203 -0.01117191 0.02508483 0.99962209 4.56523998
0.96078736 0.27727827 0.00242311 14.07978366 -0.27711246 0.96045082 -0.02726999 91.97465542 -0.00988850 0.02552973 0.99962452 4.56672218
0.95403836 0.29964607 0.00474247 14.19550313 -0.29939559 0.95369657 -0.02874660 92.33524236 -0.01313595 0.02600494 0.99957511 4.56383877
0.94737064 0.32009366 0.00538609 14.32401384 -0.31981264 0.94703024 -0.02923772 92.68690851 -0.01445913 0.02597691 0.99955732 4.56999992
0.93993467 0.34108179 0.01364924 14.46108007 -0.34059847 0.93976224 -0.02898728 93.01939590 -0.02271345 0.02259707 0.99948638 4.57830324
0.93102541 0.36438090 0.02044656 14.60104843 -0.36376607 0.93105491 -0.02851103 93.34161079 -0.02942516 0.01910688 0.99938382 4.59503588
0.92034603 0.39047438 0.02220862 14.73705076 -0.38974475 0.92039638 -0.03114763 93.66327028 -0.03260216 0.02001106 0.99926789 4.61172161
0.90872451 0.41676788 0.02289093 14.88387943 -0.41584297 0.90870784 -0.03641369 93.97702301 -0.03597666 0.02357166 0.99907420 4.61804570
0.89402537 0.44745414 0.02245371 15.02520835 -0.44647501 0.89398267 -0.03816882 94.27999277 -0.03715145 0.02409961 0.99901919 4.62268436
0.87789176 0.47838704 0.02124671 15.17586865 -0.47752326 0.87789336 -0.03573137 94.57293750 -0.03574483 0.02122221 0.99913529 4.64564443
0.86235753 0.50581778 0.02211100 15.33964743 -0.50510458 0.86249909 -0.03106456 94.84810470 -0.03478291 0.01562008 0.99927296 4.65934029
0.84358785 0.53623706 0.02845876 15.50627355 -0.53557493 0.84402645 -0.02791428 95.12350825 -0.03898841 0.00830671 0.99920489 4.67551138
0.82195114 0.56844450 0.03560230 15.67858421 -0.56775137 0.82271618 -0.02823748 95.39004968 -0.04534193 0.00299658 0.99896695 4.68479777
0.79751241 0.60162363 0.04497656 15.85698693 -0.60092217 0.79877123 -0.02928164 95.64704039 -0.05354253 -0.00367542 0.99855809 4.69841551
0.77219159 0.63318478 0.05288949 16.04189467 -0.63237500 0.77395968 -0.03298969 95.88447903 -0.06182289 -0.00797150 0.99805507 4.71544670
0.74449568 0.66517893 0.05712792 16.22984701 -0.66402812 0.74663941 -0.03997601 96.12243351 -0.06924478 -0.00817300 0.99756624 4.73116855
0.71434965 0.69776152 0.05322558 16.41680835 -0.69639120 0.71630837 -0.04407871 96.34034296 -0.06888247 -0.00557804 0.99760909 4.74184414
0.68401453 0.72816488 0.04359828 16.60818500 -0.72687472 0.68539890 -0.04337668 96.54885794 -0.06146709 -0.00201984 0.99810702 4.75095158
0.65424202 0.75558515 0.03252886 16.80431206 -0.75451899 0.65504758 -0.04017740 96.73786677 -0.05166499 0.00174239 0.99866299 4.75906688
0.62207517 0.78269434 0.02030934 17.06074088 -0.78184231 0.62236378 -0.03724647 96.97490403 -0.04179128 0.00729118 0.99909904 4.78140260
0.58807605 0.80874514 0.00986792 17.31625136 -0.80799547 0.58798892 -0.03758196 97.19199923 -0.03619598 0.01412788 0.99924497 4.79729774
0.55119748 0.83437434 -0.00150540 17.57943746 -0.83395303 0.55085905 -0.03281790 97.38993496 -0.02655232 0.01934448 0.99945987 4.81318206
0.51303219 0.85836342 -0.00332451 17.85364461 -0.85787281 0.51259946 -0.03599944 97.57897376 -0.02919647 0.02132069 0.99934598 4.83400414
0.47196741 0.88161463 0.00154527 18.12868783 -0.88071927 0.47156516 -0.04428188 97.75734467 -0.03976836 0.01953827 0.99901725 4.86482558
0.42762813 0.90394702 0.00374537 18.40319661 -0.90265552 0.42723062 -0.05184958 97.92563790 -0.04846868 0.01879162 0.99864733 4.89387084
0.38255394 0.92393207 0.00174635 18.68429579 -0.92227847 0.38198117 -0.05911212 98.08508651 -0.05528234 0.02100283 0.99824979 4.91768643
0.33684939 0.94153920 -0.00597178 18.96529634 -0.94017110 0.33600210 -0.05640504 98.24439536 -0.05110082 0.02461464 0.99838983 4.94339431
0.28964279 0.95706714 -0.01140587 19.24564307 -0.95591663 0.28865214 -0.05388821 98.39345737 -0.04828187 0.02651073 0.99848125 4.96961667
0.24323147 0.96988031 -0.01310335 19.52848497 -0.96877281 0.24223839 -0.05291389 98.51176330 -0.04814502 0.02556421 0.99851292 5.00705193
0.19632911 0.98048421 -0.01029639 19.85656457 -0.97958935 0.19566618 -0.04604704 98.55377004 -0.04313385 0.01912707 0.99888621 5.07012761
0.15165203 0.98839156 -0.00921031 20.18006896 -0.98770637 0.15117612 -0.03978969 98.56513086 -0.03793586 0.01513102 0.99916495 5.12778979
0.10690152 0.99426297 -0.00365991 20.50083501 -0.99344884 0.10666308 -0.04102517 98.57640979 -0.04039913 0.00802195 0.99915113 5.18088525
0.05769859 0.99833367 -0.00067047 20.82920632 -0.99743982 0.05761789 -0.04236591 98.57901603 -0.04225624 0.00311300 0.99910149 5.22831461
0.00826859 0.99996550 -0.00115542 21.15977656 -0.99913539 0.00821396 -0.04077176 98.56229903 -0.04076069 0.00149241 0.99916784 5.26659973
-0.03902516 0.99923862 -0.00054178 21.50255401 -0.99835686 -0.03901355 -0.04199061 98.53709976 -0.04197930 -0.00109746 0.99911784 5.30609956
-0.08678876 0.99621659 0.00448364 21.85064513 -0.99506645 -0.08646981 -0.04864510 98.49192640 -0.04807234 -0.00868359 0.99880599 5.35283548
-0.13624240 0.99060552 0.01181780 22.20735614 -0.98942516 -0.13546214 -0.05185728 98.44757241 -0.04976834 -0.01875718 0.99858454 5.40550318
-0.18726310 0.98213940 0.01830514 22.57089401 -0.98113417 -0.18609486 -0.05240173 98.38412237 -0.04805897 -0.02777233 0.99845772 5.45540951
-0.23967151 0.97055445 0.02413735 22.94658740 -0.96963123 -0.23804887 -0.05611904 98.30279641 -0.04872002 -0.03685482 0.99813172 5.49549214
-0.29329380 0.95566821 0.02603945 23.39898358 -0.95458594 -0.29125183 -0.06276033 98.07721043 -0.05239477 -0.04326369 0.99768818 5.43232659
-0.34533132 0.93814632 0.02506011 23.83853430 -0.93694918 -0.34312056 -0.06628929 97.84988192 -0.05359059 -0.04637183 0.99748497 5.36816204
-0.39615055 0.91782564 0.02571076 24.28066267 -0.91709120 -0.39415607 -0.05987794 97.61308720 -0.04482334 -0.04730012 0.99787388 5.29961726
-0.44694050 0.89418497 0.02603824 24.72715467 -0.89350834 -0.44481111 -0.06153593 97.35750435 -0.04344260 -0.05076807 0.99776449 5.21846592
-0.49349863 0.86935530 0.02611163 25.16868965 -0.86817559 -0.49058142 -0.07484836 97.08132106 -0.05225988 -0.05960726 0.99685245 5.13222141
-0.53464766 0.84458974 0.02864661 25.60224666 -0.84304678 -0.53071078 -0.08728670 96.77346852 -0.05851801 -0.07081786 0.99577079 5.04874471
-0.57264065 0.81925504 0.03008122 26.03448566 -0.81744760 -0.56782650 -0.09671534 96.44510757 -0.06215306 -0.07997301 0.99485707 4.96649616
-0.60964102 0.79205867 0.03134056 26.46747998 -0.79040090 -0.60441936 -0.09971680 96.11655081 -0.06003878 -0.08556285 0.99452131 4.88879087
-0.64169466 0.76624558 0.03312253 26.89085281 -0.76498883 -0.63635235 -0.09924054 95.77643504 -0.05496494 -0.08902050 0.99451180 4.81234107
-0.66899962 0.74246503 0.03443817 27.29579220 -0.74170946 -0.66388981 -0.09548898 95.42366875 -0.04803392 -0.08942495 0.99483433 4.73489994
-0.69287008 0.72028903 0.03339448 27.54768168 -0.71950962 -0.68759987 -0.09752981 95.04648020 -0.04728714 -0.09160280 0.99467139 4.70059313
-0.71469866 0.69878204 0.03017355 27.78792743 -0.69753598 -0.70892256 -0.10427720 94.66798587 -0.05147604 -0.09557361 0.99409056 4.66126550
-0.73385308 0.67882684 0.02557971 28.02324731 -0.67698373 -0.72770965 -0.11015117 94.26893523 -0.05615868 -0.09815172 0.99358502 4.61624714
-0.75091751 0.65997973 0.02344278 28.25168115 -0.65792414 -0.74456699 -0.11294569 93.86898987 -0.05708738 -0.10023638 0.99332450 4.57010095
-0.76663090 0.64155971 0.02604601 28.48107046 -0.63983520 -0.75991765 -0.11461446 93.45854580 -0.05373898 -0.10453202 0.99306784 4.53166346
-0.78054724 0.62448806 0.02759435 28.70716601 -0.62301153 -0.77358106 -0.11589078 93.04723284 -0.05102593 -0.10764879 0.99287857 4.49931582
-0.79006421 0.61210567 0.03355311 28.92625924 -0.61134638 -0.78267335 -0.11695404 92.61495348 -0.04532682 -0.11291366 0.99257042 4.46304668
-0.79836834 0.60114491 0.03511084 29.13982677 -0.60060028 -0.79072916 -0.11843582 92.17185439 -0.04343380 -0.11564220 0.99234036 4.42559009
-0.80583004 0.59124467 0.03270035 29.35201862 -0.59043849 -0.79808500 -0.12017765 91.72933815 -0.04495589 -0.11615019 0.99221361 4.37645755
-0.81255695 0.58236551 0.02452160 29.55399145 -0.58035358 -0.80440199 -0.12699957 91.29558922 -0.05423499 -0.11742489 0.99159881 4.32603417
-0.81926006 0.57311812 0.01869699 29.71019842 -0.57034574 -0.81105774 -0.12996754 90.98779141 -0.05932250 -0.11714028 0.99134213 4.26314841
-0.82311418 0.56758088 0.01831130 29.86510214 -0.56508201 -0.81544288 -0.12544605 90.68999953 -0.05626901 -0.11360388 0.99193106 4.19922674
-0.82530945 0.56457845 0.01082321 30.01194427 -0.56130285 -0.81812716 -0.12493338 90.38159286 -0.06167997 -0.10918322 0.99210579 4.12566675
-0.82781402 0.56094923 0.00780400 30.16382727 -0.55769750 -0.82134856 -0.11983393 90.06341205 -0.06081127 -0.10355268 0.99276280 4.05757171
-0.82994676 0.55759251 0.01673177 30.32243020 -0.55571085 -0.82378334 -0.11210665 89.74589058 -0.04872579 -0.10234008 0.99355479 3.99379150
-0.83061106 0.55619532 0.02706089 30.48064382 -0.55564895 -0.82464066 -0.10593845 89.42781749 -0.03660752 -0.10302946 0.99400446 3.93748084
-0.83066467 0.55615588 0.02621977 30.63654245 -0.55560660 -0.82495638 -0.10368373 89.09967586 -0.03603386 -0.10069425 0.99426469 3.87548638
-0.83038321 0.55652178 0.02734940 30.78468032 -0.55628583 -0.82523263 -0.09766690 88.77066615 -0.03178395 -0.09631379 0.99484322 3.81011151
-0.83197236 0.55420646 0.02604533 30.94095556 -0.55392450 -0.82705520 -0.09565149 88.43247169 -0.03146949 -0.09400565 0.99507370 3.74789631
-0.83226662 0.55373538 0.02663951 31.10206923 -0.55343375 -0.82709308 -0.09812847 88.08421622 -0.03230406 -0.09641166 0.99481732 3.69503022
-0.83282068 0.55257536 0.03272293 31.31476982 -0.55285554 -0.82738689 -0.09890518 87.74195539 -0.02757810 -0.10046092 0.99455791 3.66126035
-0.83588306 0.54755595 0.03849944 31.54067403 -0.54849908 -0.83049450 -0.09710505 87.40194459 -0.02119774 -0.10228444 0.99452904 3.62161750
-0.83772727 0.54452492 0.04130753 31.76195320 -0.54586951 -0.83283996 -0.09168013 87.05112419 -0.01552001 -0.09935138 0.99493145 3.58254182
-0.83750252 0.54479834 0.04224634 31.97825956 -0.54625653 -0.83275173 -0.09016694 86.68900139 -0.01394240 -0.09859262 0.99502988 3.55070611
-0.83804963 0.54392911 0.04259797 32.19878629 -0.54547406 -0.83366874 -0.08633972 86.32779439 -0.01145113 -0.09559300 0.99535394 3.51403720
-0.83969586 0.54137151 0.04275033 32.42068605 -0.54298669 -0.83571761 -0.08211023 85.96726684 -0.00872457 -0.09216052 0.99570536 3.47005986
-0.84175519 0.53798139 0.04500611 32.64803675 -0.53985054 -0.83831242 -0.07611777 85.59754619 -0.00322145 -0.08836896 0.99608274 3.42367955
-0.84176471 0.53782117 0.04669663 32.86651841 -0.53984423 -0.83850880 -0.07397142 85.22665313 -0.00062796 -0.08747509 0.99616569 3.37614796
-0.84172540 0.53784453 0.04713248 33.08089158 -0.53990487 -0.83837379 -0.07504997 84.84441632 -0.00085028 -0.08861859 0.99606457 3.33830812
-0.84390457 0.53456940 0.04539221 33.30533012 -0.53647098 -0.84006803 -0.08052961 84.47310140 -0.00491634 -0.09231120 0.99571780 3.30973167
-0.84496858 0.53252125 0.04948417 33.55636564 -0.53481386 -0.84112469 -0.08051931 84.09596892 -0.00125582 -0.09450112 0.99552317 3.27277390
-0.84435847 0.53304117 0.05408703 33.80266944 -0.53575768 -0.84090988 -0.07639238 83.71846214 0.00476186 -0.09348019 0.99560999 3.23142516
-0.84403332 0.53357206 0.05393799 34.04832172 -0.53626340 -0.84074170 -0.07466970 83.34129827 0.00550657 -0.09194804 0.99574852 3.18354129
-0.84394241 0.53361465 0.05493346 34.29505635 -0.53635583 -0.84113375 -0.06939886 82.96440196 0.00917337 -0.08803277 0.99607520 3.13392625
-0.84449569 0.53283380 0.05399235 34.53640752 -0.53549446 -0.84168860 -0.06933071 82.59679437 0.00850228 -0.08746079 0.99613159 3.08541947
-0.84444841 0.53211247 0.06134748 34.78189371 -0.53537310 -0.84207291 -0.06550065 82.21939513 0.01680537 -0.08815532 0.99596440 3.04072260
-0.84338821 0.53234767 0.07282314 35.02777416 -0.53657700 -0.84152668 -0.06259572 81.85187499 0.02796015 -0.09186801 0.99537836 3.00049095
-0.84285469 0.53237263 0.07858389 35.27048545 -0.53718367 -0.84104274 -0.06388934 81.48366248 0.03207894 -0.09606315 0.99485813 2.96395889
-0.84275361 0.53314433 0.07431916 35.50252117 -0.53767402 -0.84036706 -0.06848997 81.11424994 0.02594020 -0.09767996 0.99487946 2.92286590
-0.84454740 0.53187222 0.06207341 35.73713142 -0.53534099 -0.84128885 -0.07512771 80.75527368 0.01226316 -0.09667873 0.99524006 2.88247701
-0.84478075 0.53195403 0.05805669 35.96861505 -0.53508415 -0.84086853 -0.08139684 80.35585152 0.00551855 -0.09982735 0.99498945 2.83492189
-0.84584880 0.53029557 0.05768061 36.20368519 -0.53339912 -0.84187372 -0.08206994 79.97762000 0.00503810 -0.10018583 0.99495528 2.78068440
-0.84567013 0.52956600 0.06634402 36.44320699 -0.53353310 -0.84200213 -0.07984541 79.59004550 0.01357819 -0.10291924 0.99459714 2.72418160
-0.84310074 0.53219661 0.07712818 36.67210489 -0.53734973 -0.83932664 -0.08238225 79.21066461 0.02089254 -0.11090131 0.99361133 2.67415629
-0.84151274 0.53406630 0.08142701 36.90294198 -0.53988031 -0.83682826 -0.09082170 78.82091282 0.01963574 -0.12038802 0.99253237 2.63200079
-0.84158886 0.53407982 0.08054792 37.13419433 -0.53988623 -0.83619982 -0.09640462 78.43174945 0.01586605 -0.12461927 0.99207726 2.58187779
-0.84203733 0.53335820 0.08063592 37.36438740 -0.53922494 -0.83628368 -0.09933280 78.05293768 0.01445367 -0.12712306 0.99178125 2.52603796
-0.84055258 0.53516500 0.08408544 37.59496229 -0.54144580 -0.83496387 -0.09835374 77.66408044 0.01757306 -0.12819857 0.99159256 2.46987779
-0.83921969 0.53722594 0.08425004 37.82037403 -0.54348310 -0.83384146 -0.09662552 77.29541059 0.01834153 -0.12687868 0.99174885 2.40359331
-0.84118777 0.53614375 0.07038357 38.05134053 -0.54072865 -0.83495824 -0.10226306 76.91769474 0.00393949 -0.12408063 0.99226451 2.33291398
-0.84103340 0.53716314 0.06417460 38.29442081 -0.54098139 -0.83484402 -0.10185859 76.53136424 -0.00113971 -0.12038330 0.99272685 2.26524205
-0.83685796 0.54137110 0.08115159 38.53304172 -0.54719671 -0.83150441 -0.09579503 76.15309970 0.01561792 -0.12457225 0.99208747 2.21901898
-0.83427751 0.54221655 0.09991871 38.78784854 -0.55025011 -0.83024982 -0.08894334 75.77751278 0.03473088 -0.12918281 0.99101222 2.16680873
-0.83439657 0.54067195 0.10703467 39.04586088 -0.54962770 -0.83072134 -0.08838394 75.40266970 0.04112846 -0.13257645 0.99031892 2.11020172
-0.83327640 0.54312497 0.10327990 39.28270871 -0.55171018 -0.82893696 -0.09208753 75.03501144 0.03559798 -0.13371449 0.99037987 2.05292183
-0.83197250 0.54626935 0.09701680 39.50988603 -0.55426342 -0.82614358 -0.10138269 74.64513820 0.02476790 -0.13812071 0.99010498 2.00484339
-0.83436717 0.54390746 0.08942149 39.75061453 -0.55104183 -0.82705376 -0.11106663 74.26732789 0.01354699 -0.14194478 0.98978114 1.95625352
-0.83539969 0.54196891 0.09152737 39.99415368 -0.54931941 -0.82895841 -0.10524344 73.90155451 0.01883354 -0.13819828 0.99022556 1.88480206
-0.83384391 0.54325732 0.09785245 40.23793679 -0.55103024 -0.82970058 -0.08923717 73.53612681 0.03270981 -0.12832892 0.99119208 1.80866968
-0.82909782 0.54843880 0.10868431 40.48139808 -0.55678943 -0.82758469 -0.07134487 73.17024309 0.05081709 -0.11966616 0.99151264 1.73871213
-0.82915476 0.54962490 0.10205738 40.73507110 -0.55710812 -0.82751710 -0.06961673 72.77567484 0.04619091 -0.11457998 0.99233911 1.66516028
-0.83169527 0.54771440 0.09106426 40.98029011 -0.55416138 -0.82903285 -0.07489831 72.38984269 0.03447220 -0.11275623 0.99302379 1.59452399
-0.83320371 0.54719882 0.07966223 41.21886474 -0.55256603 -0.82939791 -0.08227982 71.99287176 0.02104773 -0.11257410 0.99341963 1.52512856
-0.83347917 0.54717347 0.07690297 41.46025845 -0.55230612 -0.82913896 -0.08652292 71.58551063 0.01641976 -0.11458855 0.99327674 1.46575596
-0.83368768 0.54566439 0.08494551 41.71441666 -0.55168882 -0.82979938 -0.08410964 71.19968421 0.02459152 -0.11698418 0.99282889 1.41396059
-0.83472071 0.54299021 0.09166795 41.97871600 -0.54976027 -0.83129066 -0.08197219 70.80498015 0.03169257 -0.11881913 0.99240935 1.36494998
-0.83471058 0.54397336 0.08574591 42.22389118 -0.55006472 -0.83101129 -0.08276518 70.40849940 0.02623354 -0.11625112 0.99287350 1.30216005
-0.83592216 0.54420478 0.07125265 42.46231528 -0.54871758 -0.83148747 -0.08682370 70.01131516 0.01199593 -0.11167556 0.99367192 1.23565285
-0.83734276 0.54333871 0.06034048 42.70307824 -0.54667291 -0.83274081 -0.08770804 69.60432637 0.00259240 -0.10642739 0.99431707 1.16934674
-0.83969502 0.54020285 0.05562071 42.95139145 -0.54305061 -0.83472176 -0.09130040 69.20849385 -0.00289255 -0.10686866 0.99426865 1.10345478
-0.84040956 0.53761680 0.06840888 43.22770883 -0.54187513 -0.83569360 -0.08938413 68.79445298 0.00911457 -0.11218797 0.99364487 1.06629387
-0.83851958 0.53817621 0.08515082 43.50038987 -0.54438869 -0.83405646 -0.08939548 68.37905779 0.02290981 -0.12131457 0.99234882 1.04179601
-0.83573273 0.54138177 0.09196676 43.77022125 -0.54853451 -0.83086730 -0.09364800 67.95283649 0.02571292 -0.12871164 0.99134878 1.02187252
-0.83796337 0.53980220 0.08018949 44.03503773 -0.54561370 -0.83167504 -0.10307074 67.53642613 0.01105344 -0.13012177 0.99143575 0.99598612
-0.84083972 0.53679281 0.06959000 44.30235629 -0.54127597 -0.83458187 -0.10243699 67.12102897 0.00309085 -0.12380012 0.99230168 0.96016378
-0.84142496 0.53668283 0.06304956 44.56547258 -0.54037276 -0.83590414 -0.09623876 66.70600773 0.00105363 -0.11504755 0.99335936 0.90979188
-0.84204031 0.53559266 0.06410218 44.83687389 -0.53937583 -0.83743151 -0.08822323 66.29259744 0.00642985 -0.10886236 0.99403529 0.85274141
-0.84205957 0.53438456 0.07328209 45.11476155 -0.53903710 -0.83859659 -0.07871844 65.87951551 0.01938837 -0.10578728 0.99419956 0.80448751
-0.83993122 0.53670952 0.08037131 45.38429151 -0.54203066 -0.83697247 -0.07537314 65.46471968 0.02681482 -0.10687154 0.99391042 0.76430649
-0.83942747 0.53758019 0.07981083 45.64587674 -0.54302360 -0.83560912 -0.08297283 65.03820858 0.02208574 -0.11298790 0.99335009 0.73128045
-0.84276979 0.53290630 0.07583091 45.90848744 -0.53810160 -0.83766954 -0.09358459 64.60256403 0.01364901 -0.11967521 0.99271943 0.68558443
-0.84590940 0.52910013 0.06701404 46.16240270 -0.53332258 -0.83967661 -0.10252556 64.17657955 0.00202434 -0.12246674 0.99247014 0.62840091
-0.84743329 0.52671961 0.06651391 46.41594444 -0.53088336 -0.84179484 -0.09769783 63.74074539 0.00453183 -0.11810339 0.99299037 0.56635380
-0.84911451 0.52428118 0.06429499 46.67196728 -0.52818260 -0.84396692 -0.09350677 63.31521513 0.00523908 -0.11335745 0.99353968 0.50680349
-0.85164683 0.52157784 0.05153443 46.92357503 -0.52410304 -0.84677431 -0.09104900 62.88975923 -0.00385022 -0.10455051 0.99451202 0.43678697
-0.85306237 0.51990940 0.04449225 47.16788690 -0.52178487 -0.84909171 -0.08236654 62.45350745 -0.00504504 -0.09347861 0.99560853 0.36147619
-0.85562877 0.51650761 0.03346353 47.41042857 -0.51741478 -0.85186592 -0.08128346 62.01727954 -0.01347707 -0.08686237 0.99612883 0.28205861
-0.85920563 0.51116465 0.02181664 47.65507242 -0.51107728 -0.85551391 -0.08305281 61.59081860 -0.02378948 -0.08250936 0.99630584 0.21240817
-0.86139432 0.50702606 0.03040606 47.90305710 -0.50771436 -0.85770282 -0.08108001 61.15344068 -0.01503118 -0.08527943 0.99624355 0.16180553
