1.00000000 -0.00000000 -0.00000000 0.00000000 -0.00000000 1.00000000 0.00000000 0.00000000 -0.00000000 0.00000000 1.00000000 0.00000000
0.99999999 0.00000053 0.00000010 -0.00005793 -0.00000100 0.99999938 0.00001902 -0.00010351 0.00000008 -0.00001901 0.99999939 0.00012369
0.99999994 0.00000136 -0.00000194 -0.00016730 -0.00000083 0.99999989 0.00001305 -0.00027867 0.00000208 -0.00001301 0.99999984 0.00021492
1.00000021 -0.00001002 0.00000702 -0.00025690 0.00000954 1.00000013 -0.00000111 -0.00048680 -0.00000583 0.00000072 0.99999928 0.00030950
0.99999955 -0.00000283 0.00002003 -0.00035009 0.00000238 0.99999950 0.00000589 -0.00067583 -0.00001929 -0.00000606 1.00000005 0.00039232
0.99999977 -0.00000533 0.00002713 -0.00044503 0.00000577 0.99999998 0.00002388 -0.00089312 -0.00002660 -0.00002424 0.99999972 0.00046143
0.99999976 -0.00000881 0.00002604 -0.00060077 0.00000884 0.99999945 0.00000686 -0.00115749 -0.00002586 -0.00000722 1.00000013 0.00051481
0.99999938 -0.00000197 0.00001302 -0.00073837 0.00000189 0.99999992 -0.00000014 -0.00135021 -0.00001323 -0.00000105 0.99999937 0.00050335
0.99999956 -0.00000386 0.00002003 -0.00079495 0.00000437 0.99999959 0.00000489 -0.00139799 -0.00001946 -0.00000509 1.00000013 0.00047976
0.99999929 -0.00001263 0.00000806 -0.00089374 0.00001336 0.99999995 0.00001300 -0.00146626 -0.00000819 -0.00001339 1.00000012 0.00045977
1.00000003 0.00000028 0.00000104 -0.00100212 -0.00000008 1.00000015 0.00001004 -0.00156831 -0.00000100 -0.00001004 1.00000018 0.00041930
0.99999962 0.00000433 0.00002307 -0.00107904 -0.00000394 0.99999996 0.00001185 -0.00166794 -0.00002277 -0.00001193 0.99999962 0.00032728
1.00000017 0.00000031 0.00004209 -0.00118278 -0.00000057 1.00000006 0.00001069 -0.00177102 -0.00004211 -0.00001104 0.99999924 0.00022780
1.00000010 0.00000541 0.00000507 -0.00136094 -0.00000541 0.99999970 0.00001501 -0.00193239 -0.00000456 -0.00001489 0.99999987 0.00013324
0.99999955 0.00001725 -0.00001397 -0.00156362 -0.00001692 1.00000016 0.00000812 -0.00211752 0.00001348 -0.00000858 0.99999993 0.00001694
0.99999962 0.00003012 -0.00000798 -0.00167408 -0.00003038 0.99999944 0.00000303 -0.00233133 0.00000860 -0.00000415 0.99999952 -0.00011046
0.99999979 0.00003099 0.00003417 -0.00177764 -0.00003095 0.99999980 0.00003489 -0.00251545 -0.00003351 -0.00003528 0.99999997 -0.00030143
0.99999954 0.00001177 0.00005817 -0.00187866 -0.00001189 0.99999957 0.00002764 -0.00268488 -0.00005723 -0.00002775 0.99999924 -0.00043736
0.99999984 0.00002838 0.00003508 -0.00196797 -0.00002804 0.99999968 0.00001280 -0.00272737 -0.00003476 -0.00001325 0.99999987 -0.00061390
0.99999979 0.00003588 0.00003417 -0.00199982 -0.00003601 1.00000012 0.00003082 -0.00271677 -0.00003409 -0.00003115 0.99999932 -0.00086969
1.00000016 0.00001075 0.00004414 -0.00198123 -0.00001070 0.99999966 0.00002679 -0.00272807 -0.00004326 -0.00002678 0.99999993 -0.00107203
0.99999944 0.00000908 0.00001820 -0.00201090 -0.00000949 0.99999965 0.00003795 -0.00286555 -0.00001728 -0.00003888 0.99999928 -0.00132217
0.99999955 0.00002177 0.00006000 -0.00208677 -0.00002210 0.99999958 -0.00000850 -0.00290261 -0.00005937 0.00000866 0.99999936 -0.00169358
0.99999969 0.00000131 -0.00000979 -0.00214073 -0.00000106 1.00000000 0.00004622 -0.00292501 0.00001113 -0.00004715 0.99999981 -0.00187889
1.00000012 0.00000211 0.00000519 -0.00222953 -0.00000242 0.99999959 0.00004009 -0.00303529 -0.00000481 -0.00004007 0.99999974 -0.00212093
1.00000004 0.00000180 0.00000198 -0.00224733 -0.00000216 0.99999959 -0.00000707 -0.00322745 -0.00000182 0.00000711 0.99999965 -0.00241127
0.99999942 -0.00000838 0.00001412 -0.00231185 0.00000887 1.00000017 0.00002194 -0.00335403 -0.00001382 -0.00002233 0.99999952 -0.00270145
0.99999962 -0.00000644 -0.00001391 -0.00239646 0.00000625 0.99999933 0.00002016 -0.00335792 0.00001452 -0.00002020 0.99999991 -0.00282493
0.99999994 -0.00001160 -0.00000377 -0.00230638 0.00001138 0.99999980 0.00005018 -0.00347618 0.00000405 -0.00005050 0.99999964 -0.00237866
0.99999967 -0.00001919 0.00005799 -0.00218837 0.00001926 0.99999968 -0.00000641 -0.00369134 -0.00005687 0.00000653 1.00000013 -0.00219645
0.99999929 -0.00001555 0.00011696 -0.00219714 0.00001526 0.99999977 -0.00001988 -0.00384628 -0.00011577 0.00001967 0.99999988 -0.00190640
0.99999933 -0.00001089 0.00004704 -0.00227074 0.00001114 0.99999971 0.00000469 -0.00396155 -0.00004615 -0.00000429 0.99999989 -0.00150905
1.00000005 -0.00001478 0.00003607 -0.00226037 0.00001506 0.99999939 0.00000772 -0.00413017 -0.00003542 -0.00000839 0.99999933 -0.00115405
0.99999978 -0.00001528 0.00006183 -0.00219752 0.00001485 0.99999998 -0.00004563 -0.00439324 -0.00006151 0.00004577 0.99999956 -0.00086688
1.00000026 0.00000051 0.00008163 -0.00222503 -0.00000088 0.99999956 -0.00008990 -0.00451552 -0.00008124 0.00008941 0.99999986 -0.00076083
0.99999945 0.00001787 0.00023495 -0.00234822 -0.00001691 0.99999960 -0.00025760 -0.00438913 -0.00023451 0.00025654 0.99999927 -0.00080711
0.99999953 0.00005782 0.00035182 -0.00234812 -0.00005697 0.99999956 -0.00029550 -0.00474304 -0.00035158 0.00029479 0.99999968 -0.00043661
0.99999971 0.00005522 0.00057454 -0.00220223 -0.00005477 0.99999976 -0.00060420 -0.00490071 -0.00057364 0.00060393 0.99999896 -0.00081575
0.99999942 0.00012177 0.00089816 -0.00232359 -0.00012041 0.99999938 -0.00116042 -0.00374196 -0.00089737 0.00116000 0.99999899 -0.00234244
0.99999927 0.00020385 0.00101322 -0.00253106 -0.00020248 0.99999867 -0.00115821 -0.00307625 -0.00101287 0.00115830 0.99999894 -0.00340681
0.99999947 0.00019548 0.00101881 -0.00267524 -0.00019394 0.99999866 -0.00102777 -0.00379414 -0.00101862 0.00102755 0.99999903 -0.00337473
0.99999904 0.00016391 0.00099891 -0.00285201 -0.00016310 0.99999880 -0.00122840 -0.00494366 -0.00099816 0.00122747 0.99999850 -0.00349956
0.99999918 0.00019692 0.00100912 -0.00305834 -0.00019509 0.99999878 -0.00140816 -0.00560415 -0.00100849 0.00140709 0.99999803 -0.00377728
0.99999871 0.00017326 0.00106085 -0.00312624 -0.00017133 0.99999871 -0.00125094 -0.00585332 -0.00105972 0.00125082 0.99999811 -0.00378603
0.99999921 0.00012452 0.00103319 -0.00325666 -0.00012296 0.99999913 -0.00116943 -0.00622058 -0.00103370 0.00116913 0.99999844 -0.00376034
0.99999916 0.00015802 0.00100177 -0.00354575 -0.00015737 0.99999855 -0.00126055 -0.00695636 -0.00100166 0.00125945 0.99999831 -0.00384417
0.99999922 0.00016995 0.00100559 -0.00373506 -0.00016876 0.99999872 -0.00129869 -0.00772073 -0.00100571 0.00129792 0.99999865 -0.00406739
0.99999879 0.00014588 0.00105861 -0.00384433 -0.00014409 0.99999909 -0.00130109 -0.00825262 -0.00105802 0.00130024 0.99999830 -0.00425300
0.99999883 0.00014349 0.00105871 -0.00398916 -0.00014218 0.99999923 -0.00127900 -0.00869386 -0.00105919 0.00127807 0.99999843 -0.00426056
0.99999897 0.00013866 0.00102774 -0.00417705 -0.00013748 0.99999874 -0.00127180 -0.00929648 -0.00102745 0.00127196 0.99999797 -0.00429271
0.99999945 0.00012535 0.00100650 -0.00437627 -0.00012366 0.99999880 -0.00131979 -0.00991452 -0.00100653 0.00131878 0.99999846 -0.00449554
0.99999930 0.00013416 0.00100365 -0.00454305 -0.00013238 0.99999929 -0.00129071 -0.01045558 -0.00100278 0.00128986 0.99999792 -0.00455745
0.99999874 0.00011653 0.00105173 -0.00468366 -0.00011443 0.99999926 -0.00127697 -0.01106335 -0.00105151 0.00127633 0.99999807 -0.00456377
0.99999920 0.00013483 0.00107160 -0.00491041 -0.00013315 0.99999931 -0.00130214 -0.01172525 -0.00107099 0.00130193 0.99999875 -0.00464715
0.99999946 0.00014488 0.00108264 -0.00514284 -0.00014314 0.99999909 -0.00130028 -0.01235350 -0.00108218 0.00130021 0.99999789 -0.00473657
0.99999918 0.00011439 0.00113958 -0.00534812 -0.00011284 0.99999876 -0.00131773 -0.01296303 -0.00113898 0.00131747 0.99999793 -0.00482784
0.99999897 0.00014609 0.00131579 -0.00557387 -0.00014394 0.99999868 -0.00150863 -0.01324703 -0.00131606 0.00150811 0.99999794 -0.00538916
0.99999805 0.00031324 0.00184913 -0.00582492 -0.00030967 0.99999781 -0.00193800 -0.01246781 -0.00184914 0.00193646 0.99999593 -0.00677463
0.99999623 0.00041361 0.00255354 -0.00577572 -0.00040874 0.99999735 -0.00214068 -0.01148826 -0.00255460 0.00214005 0.99999438 -0.00788078
0.99999437 0.00048591 0.00310852 -0.00571439 -0.00047900 0.99999713 -0.00220383 -0.01127181 -0.00310990 0.00220229 0.99999290 -0.00864751
0.99999309 0.00055432 0.00354169 -0.00585193 -0.00054582 0.99999680 -0.00244290 -0.01180555 -0.00354198 0.00244014 0.99999001 -0.00947128
0.99999280 0.00057634 0.00371434 -0.00599533 -0.00056653 0.99999599 -0.00276533 -0.01237541 -0.00371492 0.00276309 0.99998908 -0.01041361
0.99999220 0.00048312 0.00382109 -0.00592925 -0.00047120 0.99999449 -0.00305922 -0.01219100 -0.00382145 0.00305684 0.99998792 -0.01135620
0.99999285 0.00017916 0.00361543 -0.00557090 -0.00016467 0.99999128 -0.00409379 -0.00682640 -0.00361561 0.00409292 0.99998505 -0.01229318
0.99999326 0.00085878 0.00348208 -0.00697350 -0.00083523 0.99997569 -0.00692036 0.01050056 -0.00348721 0.00691707 0.99997010 -0.01498901
0.99999222 0.00161374 0.00362656 -0.00826601 -0.00157800 0.99994968 -0.00987826 0.04282045 -0.00364185 0.00987267 0.99994385 -0.01745470
0.99999336 0.00166756 0.00327792 -0.00822908 -0.00163091 0.99993623 -0.01117762 0.09027698 -0.00329595 0.01117145 0.99993149 -0.01786482
0.99999579 0.00206321 0.00198973 -0.00940353 -0.00204170 0.99993868 -0.01083591 0.15281126 -0.00201193 0.01083071 0.99993932 -0.01598392
0.99999582 0.00267017 -0.00046170 -0.01211280 -0.00267468 0.99995100 -0.00951211 0.23271044 0.00043650 0.00951301 0.99995406 -0.01272547
0.99998851 0.00228525 -0.00422502 -0.01363312 -0.00231909 0.99996625 -0.00788098 0.32681162 0.00420714 0.00788974 0.99995983 -0.00902043
0.99996519 0.00151110 -0.00812474 -0.01476644 -0.00156134 0.99997931 -0.00622036 0.43548926 0.00811478 0.00623287 0.99994729 -0.00676302
0.99991917 0.00109548 -0.01264254 -0.01643371 -0.00115766 0.99998708 -0.00490602 0.55981395 0.01263727 0.00492063 0.99990813 -0.00665702
0.99988555 0.00063289 -0.01506981 -0.01705222 -0.00070801 0.99998752 -0.00496148 0.69528495 0.01506788 0.00497114 0.99987433 -0.01004474
0.99991755 -0.00005315 -0.01284079 -0.01465865 -0.00003129 0.99997828 -0.00657878 0.84187395 0.01284150 0.00657857 0.99989555 -0.01673433
0.99997842 -0.00043080 -0.00643929 -0.00883148 0.00038011 0.99996868 -0.00781961 0.99896400 0.00644381 0.00781698 0.99994803 -0.02212964
0.99999645 -0.00166271 0.00180880 0.00183046 0.00167823 0.99996303 -0.00843908 1.16262108 -0.00179359 0.00844227 0.99996215 -0.01980810
0.99993821 -0.00471275 0.01006704 0.01519205 0.00483033 0.99992055 -0.01161691 1.33107369 -0.01001025 0.01166430 0.99988117 -0.01608496
0.99972495 -0.00762670 0.02217772 0.02720468 0.00805099 0.99978468 -0.01911810 1.50310269 -0.02202709 0.01929050 0.99957135 -0.02176047
0.99923179 -0.00769360 0.03842731 0.03488473 0.00878743 0.99955820 -0.02838716 1.67679407 -0.03819136 0.02870233 0.99885804 -0.03432485
0.99865839 -0.00722883 0.05126779 0.04188490 0.00918939 0.99923148 -0.03809330 1.85036285 -0.05095191 0.03851279 0.99795785 -0.04106425
0.99867817 -0.01033640 0.05035118 0.04622220 0.01277776 0.99874602 -0.04839810 2.02474813 -0.04978812 0.04897764 0.99755830 -0.04124461
0.99915349 -0.01555845 0.03806422 0.04175831 0.01775248 0.99815820 -0.05799599 2.20397650 -0.03709159 0.05862210 0.99759064 -0.04147964
0.99954167 -0.02087483 0.02189981 0.03152424 0.02227411 0.99758771 -0.06573790 2.38579008 -0.02047440 0.06619528 0.99759642 -0.04187536
0.99963423 -0.02485447 0.01064263 0.02116493 0.02554482 0.99717769 -0.07059401 2.57263433 -0.00885809 0.07083973 0.99744796 -0.04378727
0.99949933 -0.02887443 0.01292621 0.01966193 0.02971729 0.99705942 -0.07062828 2.76757089 -0.01084862 0.07097740 0.99741819 -0.04754581
0.99893645 -0.03352925 0.03163384 0.03164152 0.03553134 0.99725059 -0.06502912 2.96803578 -0.02936587 0.06608344 0.99738158 -0.04988000
0.99762703 -0.03498989 0.05928808 0.04520934 0.03836305 0.99765097 -0.05675032 3.17761619 -0.05716247 0.05888992 0.99662642 -0.05536251
0.99604430 -0.03596496 0.08124594 0.05211521 0.04024893 0.99785013 -0.05171129 3.39236033 -0.07921045 0.05477700 0.99535126 -0.06179597
0.99540750 -0.04210201 0.08597335 0.05253695 0.04667361 0.99756208 -0.05187654 3.61242292 -0.08357921 0.05565112 0.99494592 -0.06203018
0.99615023 -0.05162369 0.07085149 0.04429465 0.05549302 0.99700968 -0.05377368 3.83519297 -0.06786348 0.05749900 0.99603573 -0.05224406
0.99731833 -0.06038169 0.04134120 0.02033834 0.06237240 0.99686403 -0.04868467 4.06066115 -0.03827134 0.05113257 0.99795786 -0.02319581
0.99732529 -0.07209167 0.01202829 -0.00042501 0.07244933 0.99684228 -0.03249354 4.29648053 -0.00964703 0.03327721 0.99939974 0.01832032
0.99638423 -0.08365704 0.01479901 -0.00511756 0.08369941 0.99648783 -0.00222079 4.53581954 -0.01456060 0.00345139 0.99988755 0.06700380
0.99561530 -0.08363262 0.04189228 -0.01180746 0.08234351 0.99610199 0.03162697 4.77269913 -0.04437424 -0.02803952 0.99862113 0.12012595
0.99441821 -0.07899284 0.06994095 -0.01988772 0.07540342 0.99576689 0.05256482 5.00836543 -0.07379735 -0.04699767 0.99616519 0.16204643
0.99250596 -0.08190843 0.09067254 -0.02396351 0.07667511 0.99526205 0.05978291 5.24634049 -0.09513942 -0.05238299 0.99408445 0.18256340
0.99212856 -0.09068470 0.08635280 -0.02995025 0.08579520 0.99457853 0.05875549 5.49136037 -0.09121172 -0.05088400 0.99453027 0.18614717
0.99297275 -0.09927359 0.06441421 -0.04866082 0.09578285 0.99387032 0.05520164 5.74178640 -0.06949945 -0.04864485 0.99639533 0.17413542
0.99275645 -0.10963801 0.04912414 -0.07535392 0.10702119 0.99283893 0.05307606 5.99649412 -0.05459134 -0.04743492 0.99738151 0.14525310
0.99210606 -0.11595479 0.04775456 -0.10699452 0.11322603 0.99196938 0.05636467 6.25332172 -0.05390672 -0.05051311 0.99726765 0.12650903
0.99202837 -0.11542585 0.05055381 -0.14502826 0.11218251 0.99169439 0.06290235 6.51525522 -0.05739421 -0.05673006 0.99673852 0.13934371
0.99196436 -0.11540184 0.05186074 -0.18504900 0.11201226 0.99163698 0.06410557 6.78656568 -0.05882420 -0.05778172 0.99659462 0.14744784
0.99166880 -0.11827283 0.05102825 -0.22645105 0.11563712 0.99193706 0.05184997 7.06223272 -0.05674850 -0.04551787 0.99735045 0.11919097
0.99042450 -0.12691159 0.05432991 -0.25041006 0.12511431 0.99151374 0.03531403 7.34560060 -0.05834980 -0.02817816 0.99789856 0.05659215
0.98793963 -0.13572268 0.07453163 -0.26485853 0.13381634 0.99055051 0.03002184 7.63624300 -0.07790168 -0.01968657 0.99676630 0.00017388
0.98472021 -0.13623992 0.10846518 -0.29039782 0.13298811 0.99043779 0.03670070 7.92828301 -0.11242783 -0.02171623 0.99342224 -0.02498479
0.98356673 -0.13206775 0.12310232 -0.32726240 0.12808945 0.99096687 0.03972310 8.21643685 -0.12723676 -0.02330235 0.99159880 -0.03065090
0.98521227 -0.13107123 0.11034799 -0.37621970 0.12824559 0.99121358 0.03236234 8.49671953 -0.11362084 -0.01773187 0.99336549 -0.03543646
0.98726760 -0.13636998 0.08188232 -0.43394035 0.13517740 0.99061954 0.01996168 8.77593811 -0.08383612 -0.00863917 0.99644134 -0.03892520
0.98808944 -0.14487046 0.05187579 -0.48845317 0.14460711 0.98944992 0.00881164 9.05254967 -0.05260526 -0.00120479 0.99861437 -0.04224441
0.98800585 -0.14807315 0.04379077 -0.54573546 0.14790367 0.98897577 0.00710975 9.32463563 -0.04436037 -0.00054752 0.99901528 -0.05073906
0.98769738 -0.14856745 0.04879914 -0.59261380 0.14809608 0.98888563 0.01315951 9.59153200 -0.05021141 -0.00577017 0.99872188 -0.05521405
0.98604488 -0.15260080 0.06654231 -0.61866458 0.15160973 0.98824318 0.01973287 9.85227106 -0.06877048 -0.00936927 0.99758789 -0.06267217
0.98311664 -0.15757942 0.09301015 -0.63847910 0.15595702 0.98745950 0.02449968 10.10850773 -0.09570447 -0.00958075 0.99536336 -0.08458037
0.98032052 -0.15949996 0.11631967 -0.66602780 0.15704809 0.98713452 0.03000854 10.35736020 -0.11960959 -0.01115094 0.99275801 -0.10153295
0.97999472 -0.16015242 0.11815702 -0.70293371 0.15670172 0.98691471 0.03800231 10.59782242 -0.12269640 -0.01872728 0.99226722 -0.09868988
0.98153160 -0.16297237 0.10017902 -0.74851901 0.15872615 0.98610337 0.04904260 10.83103956 -0.10677977 -0.03223531 0.99376013 -0.07196855
0.98314660 -0.16676780 0.07490818 -0.80541220 0.16262673 0.98495893 0.05838482 11.05688819 -0.08351792 -0.04521866 0.99547959 -0.04193116
0.98394445 -0.17116404 0.05055625 -0.84781182 0.16802818 0.98389991 0.06088261 11.26987572 -0.06016336 -0.05141067 0.99686341 -0.02388728
0.98428462 -0.17339632 0.03342479 -0.88703977 0.17139557 0.98363376 0.05556096 11.47519024 -0.04251146 -0.04895937 0.99789554 -0.02147602
0.98426362 -0.17352020 0.03338419 -0.91786419 0.17186345 0.98398074 0.04737646 11.67095151 -0.04106998 -0.04089410 0.99831836 -0.03632332
0.98362014 -0.17477455 0.04409976 -0.93433152 0.17297701 0.98403983 0.04176194 11.86086520 -0.05069433 -0.03344979 0.99815393 -0.05622818
0.98291316 -0.17598779 0.05394701 -0.94597199 0.17402164 0.98395915 0.03925213 12.04420934 -0.05998925 -0.02919418 0.99777154 -0.07392201
0.98253291 -0.17557104 0.06167047 -0.96257417 0.17329778 0.98403698 0.04048970 12.21764592 -0.06779431 -0.02909499 0.99727475 -0.08341547
0.98238199 -0.17598364 0.06289074 -0.98161399 0.17343555 0.98386333 0.04395197 12.38336855 -0.06961034 -0.03227018 0.99705154 -0.08349276
0.98233517 -0.17866114 0.05565612 -1.00124146 0.17610150 0.98320258 0.04796975 12.55121540 -0.06329162 -0.03732144 0.99729690 -0.08224103
0.98201316 -0.18264766 0.04784162 -1.02119661 0.18020695 0.98229596 0.05118064 12.72012768 -0.05634202 -0.04163971 0.99754286 -0.08737503
0.98153603 -0.18533582 0.04729479 -1.04091949 0.18294552 0.98181503 0.05069191 12.88908921 -0.05582932 -0.04110328 0.99759357 -0.10372148
0.98145998 -0.18481883 0.05076624 -1.06809901 0.18259619 0.98213760 0.04544019 13.06474629 -0.05825743 -0.03532853 0.99767629 -0.12927639
0.98165505 -0.18295774 0.05366428 -1.10101175 0.18109451 0.98273970 0.03778286 13.24417597 -0.05965026 -0.02737206 0.99784372 -0.15814123
0.98196664 -0.18187985 0.05158116 -1.13973780 0.18050503 0.98310969 0.03021189 13.43346700 -0.05620402 -0.02035605 0.99821144 -0.18717217
0.98240424 -0.18186314 0.04250340 -1.18123334 0.18091458 0.98317448 0.02523295 13.62835137 -0.04637670 -0.01710014 0.99877784 -0.20493344
0.98248362 -0.18296620 0.03534687 -1.22033758 0.18213629 0.98294423 0.02543577 13.83168624 -0.03939839 -0.01855254 0.99905105 -0.21163613
0.98243167 -0.18450427 0.02801960 -1.25513873 0.18369797 0.98255258 0.02907236 14.04020312 -0.03289440 -0.02341572 0.99918478 -0.20425169
0.98207104 -0.18743472 0.02010144 -1.28742170 0.18669846 0.98183601 0.03377307 14.25460003 -0.02606561 -0.02941594 0.99922672 -0.19006411
0.98142237 -0.19132385 0.01430383 -1.32166916 0.19067392 0.98092272 0.03786157 14.47492430 -0.02127450 -0.03443075 0.99918021 -0.18305157
0.98113560 -0.19273974 0.01493325 -1.36006519 0.19198151 0.98050888 0.04177042 14.69827661 -0.02269290 -0.03811603 0.99901520 -0.18680214
0.98099496 -0.19299199 0.02006932 -1.39467946 0.19193857 0.98035742 0.04536441 14.92599969 -0.02842993 -0.04065116 0.99876878 -0.19668446
0.98076569 -0.19281528 0.03034785 -1.42454107 0.19141909 0.98053672 0.04366342 15.15631548 -0.03817591 -0.03701507 0.99858536 -0.22055242
0.98057556 -0.19239615 0.03813568 -1.45939878 0.19119091 0.98099402 0.03312070 15.39317838 -0.04378206 -0.02518634 0.99872312 -0.26226332
0.98006043 -0.19414004 0.04232204 -1.49391655 0.19323210 0.98084303 0.02463587 15.63561421 -0.04629429 -0.01596652 0.99879961 -0.29623687
0.97954277 -0.19672234 0.04237342 -1.53265714 0.19573226 0.98030131 0.02642397 15.88890046 -0.04673627 -0.01758963 0.99875215 -0.31152191
0.97927365 -0.19890938 0.03818690 -1.57844717 0.19775226 0.97972846 0.03203826 16.14947246 -0.04378524 -0.02382264 0.99875647 -0.31604487
0.97843684 -0.20395659 0.03260977 -1.62331586 0.20275427 0.97854067 0.03673048 16.41673803 -0.03940097 -0.02932678 0.99879312 -0.32203626
0.97708235 -0.21001181 0.03472202 -1.66530509 0.20862440 0.97718980 0.03968208 16.68817866 -0.04226332 -0.03152851 0.99860877 -0.32944874
0.97634891 -0.21308608 0.03657186 -1.71691797 0.21164734 0.97654472 0.03955183 16.96635778 -0.04414127 -0.03087625 0.99854815 -0.33865305
0.97545932 -0.21772058 0.03280712 -1.77206696 0.21663013 0.97566737 0.03382677 17.24512479 -0.03937328 -0.02589070 0.99888920 -0.35657862
0.97292574 -0.22996422 0.02305291 -1.81937827 0.22946187 0.97305696 0.02251567 17.53660520 -0.02760920 -0.01661612 0.99948033 -0.38016082
0.96940160 -0.24517107 0.01231491 -1.87604736 0.24494070 0.96937645 0.01768400 17.83479099 -0.01627344 -0.01412679 0.99976773 -0.39172985
0.96682442 -0.25491671 0.01634795 -1.94586365 0.25448618 0.96676523 0.02452695 18.13581303 -0.02205661 -0.01955334 0.99956474 -0.38515674
0.96424129 -0.26273021 0.03480870 -2.01496328 0.26151631 0.96453362 0.03581861 18.44502650 -0.04298484 -0.02543508 0.99875142 -0.39078743
0.96106331 -0.26928751 0.06198133 -2.08045372 0.26697253 0.96273640 0.04317412 18.75690762 -0.07129821 -0.02494596 0.99714302 -0.42142522
0.95810665 -0.27630593 0.07540869 -2.15206439 0.27364955 0.96083419 0.04374480 19.07449663 -0.08454212 -0.02127690 0.99619194 -0.45625119
0.95486887 -0.28820608 0.07184803 -2.22856451 0.28598647 0.95741101 0.03969717 19.39311620 -0.08022896 -0.01735830 0.99662465 -0.47698218
0.95168112 -0.29999923 0.06559728 -2.31893846 0.29821735 0.95383037 0.03568477 19.70711952 -0.07327393 -0.01439823 0.99720742 -0.48701836
0.95028166 -0.30709157 0.05156354 -2.42891850 0.30590430 0.95159756 0.02972758 20.01756396 -0.05819624 -0.01247610 0.99822710 -0.47792258
0.94878948 -0.31394518 0.03516183 -2.54463214 0.31315427 0.94933878 0.02624172 20.32503056 -0.04161906 -0.01388750 0.99903657 -0.46890126
0.94555858 -0.32435308 0.02672663 -2.65050676 0.32373618 0.94581772 0.02497973 20.63479771 -0.03338022 -0.01496869 0.99933016 -0.47334968
0.94020562 -0.33868434 0.03613331 -2.73246201 0.33796089 0.94083494 0.02473500 20.93768260 -0.04237197 -0.01104524 0.99904096 -0.49544053
0.93322291 -0.35342176 0.06470688 -2.80064554 0.35201949 0.93543446 0.03230439 21.23780210 -0.07194608 -0.00736946 0.99738151 -0.52179724
0.92646808 -0.36220724 0.10228624 -2.87415198 0.35945676 0.93208540 0.04480958 21.52625853 -0.11156929 -0.00474815 0.99374475 -0.54174467
0.92357591 -0.36452951 0.11884798 -2.96517744 0.36117342 0.93118739 0.04942630 21.79237612 -0.12868709 -0.00272441 0.99168174 -0.54725876
0.92392786 -0.37003581 0.09711322 -3.06786277 0.36755387 0.92900857 0.04297012 22.04847234 -0.10611889 -0.00400725 0.99434473 -0.53228004
0.92229435 -0.38172926 0.06046231 -3.17529973 0.38017453 0.92421872 0.03588246 22.29586259 -0.06957770 -0.01010793 0.99752452 -0.50793549
0.91823585 -0.39541020 0.02219185 -3.28697417 0.39469597 0.91829832 0.03069036 22.53564171 -0.03251297 -0.01942184 0.99928258 -0.48964527
0.91302224 -0.40790740 0.00078330 -3.39597980 0.40773413 0.91268711 0.02744789 22.77123276 -0.01191050 -0.02474173 0.99962265 -0.49207929
0.90956022 -0.41551419 0.00689304 -3.49531059 0.41517350 0.90928913 0.02870864 22.99747112 -0.01819621 -0.02325054 0.99956352 -0.51403311
0.90742610 -0.41838294 0.03916172 -3.57795849 0.41715280 0.90812399 0.03596629 23.20840271 -0.05061043 -0.01630048 0.99858525 -0.53760887
0.90379414 -0.42236914 0.06899760 -3.63924187 0.42042385 0.90638491 0.04135002 23.41240629 -0.08000315 -0.00836438 0.99675905 -0.54886380
0.89884149 -0.42937151 0.08788115 -3.69536921 0.42648633 0.90309404 0.05029239 23.61003461 -0.10095919 -0.00772514 0.99486026 -0.55087019
0.89333904 -0.43871519 0.09733625 -3.75547323 0.43436648 0.89851268 0.06324231 23.80048136 -0.11520275 -0.01421782 0.99323984 -0.54558712
0.88967711 -0.44684280 0.09384076 -3.82325592 0.44136464 0.89428191 0.07387295 23.97538962 -0.11692936 -0.02430530 0.99284195 -0.53362938
0.88806160 -0.45234550 0.08203139 -3.90141095 0.44703904 0.89132626 0.07545192 24.13397223 -0.10724633 -0.03033604 0.99376882 -0.52329687
0.88726017 -0.45641037 0.06677370 -3.98619864 0.45235524 0.88927031 0.06762533 24.27772632 -0.09024454 -0.02979663 0.99547333 -0.52147173
0.88624050 -0.45996571 0.05484941 -4.06962169 0.45732597 0.88763552 0.05435739 24.40880009 -0.07368818 -0.02309048 0.99701389 -0.52939245
0.88517592 -0.46314777 0.04424110 -4.14766339 0.46173199 0.88617168 0.03875886 24.53317573 -0.05715524 -0.01388167 0.99826899 -0.54483781
0.88391290 -0.46612461 0.03776225 -4.22063626 0.46548198 0.88470839 0.02485190 24.65337150 -0.04499247 -0.00439017 0.99897733 -0.56300083
0.88139501 -0.47096829 0.03648642 -4.28601450 0.47076339 0.88213934 0.01455064 24.77452696 -0.03903862 0.00435110 0.99922825 -0.58106724
0.87749436 -0.47796634 0.03938002 -4.34402196 0.47800548 0.87831040 0.00903608 24.91196822 -0.03890605 0.01089459 0.99918295 -0.59821993
0.87368497 -0.48423703 0.04678853 -4.39891620 0.48430430 0.87483438 0.01064582 25.05168676 -0.04608707 0.01335880 0.99884763 -0.61076232
0.86982900 -0.49003754 0.05709367 -4.45263079 0.48991964 0.87160111 0.01701950 25.19410285 -0.05810263 0.01316671 0.99822325 -0.61744798
0.86492151 -0.49751742 0.06623474 -4.50371539 0.49698837 0.86738417 0.02541438 25.33926025 -0.07009513 0.01093603 0.99748012 -0.61646374
0.86028515 -0.50448980 0.07348161 -4.55926517 0.50356376 0.86336520 0.03199052 25.48334430 -0.07958039 0.00948152 0.99678266 -0.61193644
0.85594523 -0.51122150 0.07752672 -4.62215719 0.51017982 0.85938723 0.03420171 25.62853929 -0.08411028 0.01027706 0.99640319 -0.61264496
0.85149746 -0.51815105 0.08043732 -4.69131291 0.51739442 0.85516205 0.03162318 25.77718850 -0.08517209 0.01469057 0.99625791 -0.62281538
0.84724810 -0.52466680 0.08303884 -4.76856737 0.52449117 0.85102789 0.02568426 25.92966316 -0.08414416 0.02179135 0.99621464 -0.64295138
0.84316167 -0.53071827 0.08611635 -4.85283988 0.53100685 0.84709629 0.02142425 26.08536642 -0.08431928 0.02766376 0.99605450 -0.66345459
0.83911647 -0.53676580 0.08812227 -4.94649392 0.53710353 0.84323251 0.02186344 26.24560114 -0.08604389 0.02898442 0.99586935 -0.67036459
0.83465717 -0.54349835 0.08919619 -5.06247699 0.54363151 0.83895342 0.02493498 26.39924447 -0.08838386 0.02767712 0.99570150 -0.65389294
0.83061254 -0.54938101 0.09089882 -5.18222850 0.54937445 0.83512861 0.02735665 26.55635556 -0.09094076 0.02721387 0.99548377 -0.63589239
0.82630932 -0.55566640 0.09191049 -5.30230300 0.55593755 0.83084795 0.02500361 26.71086733 -0.09025641 0.03043595 0.99545290 -0.61425571
0.82036784 -0.56361795 0.09659066 -5.42326829 0.56437784 0.82522567 0.02189704 26.86668746 -0.09204994 0.03654979 0.99508290 -0.59382919
0.81441639 -0.57086926 0.10408390 -5.54443962 0.57229358 0.81983783 0.01858755 27.02008963 -0.09594260 0.04442790 0.99439477 -0.57825249
0.80830463 -0.57647030 0.11969039 -5.66466166 0.57875328 0.81529803 0.01826629 27.17442221 -0.10811307 0.05450595 0.99264274 -0.57290949
0.80225217 -0.58269112 0.12985602 -5.78601144 0.58532821 0.81052777 0.02084752 27.33455463 -0.11739922 0.05928251 0.99131344 -0.56672594
0.79619767 -0.59130578 0.12816969 -5.91177228 0.59334595 0.80453434 0.02578467 27.49415809 -0.11836370 0.05551839 0.99141695 -0.55058852
0.79063254 -0.59983102 0.12289153 -6.04253128 0.60108328 0.79859236 0.03079531 27.64678502 -0.11661220 0.04952047 0.99194170 -0.52601239
0.78654296 -0.60648065 0.11632056 -6.17416074 0.60781631 0.79359250 0.02772795 27.79119782 -0.10912737 0.04889127 0.99282475 -0.50132285
0.78297791 -0.61211029 0.11074757 -6.29539927 0.61445695 0.78879653 0.01557046 27.92748257 -0.09688843 0.05585789 0.99372622 -0.48286454
0.77816678 -0.61675290 0.11862986 -6.40980664 0.62061141 0.78409838 0.00552519 28.05551740 -0.09642418 0.06932305 0.99292262 -0.47826480
0.77336013 -0.62030242 0.13091404 -6.51773333 0.62587920 0.77991737 -0.00187725 28.18445104 -0.10093739 0.08338762 0.99139130 -0.48028044
0.76902787 -0.62327238 0.14187273 -6.61863926 0.62986404 0.77670207 -0.00201744 28.31138203 -0.10893568 0.09091109 0.98988282 -0.47931238
0.76632150 -0.62502768 0.14863132 -6.72267824 0.63100884 0.77572661 0.00871501 28.43292043 -0.12074477 0.08710871 0.98885413 -0.46765000
0.76587052 -0.62785156 0.13872410 -6.82752862 0.63213119 0.77469017 0.01628986 28.55048571 -0.11769517 0.07521510 0.99019706 -0.43430652
0.76580910 -0.63125725 0.12267661 -6.93461171 0.63410750 0.77300503 0.01923792 28.66220097 -0.10697383 0.06305755 0.99225945 -0.39321703
0.76542389 -0.63406678 0.10993430 -7.04340294 0.63640238 0.77117188 0.01690069 28.77148687 -0.09549435 0.05702523 0.99379542 -0.36195728
0.76530864 -0.63542326 0.10265767 -7.14856831 0.63794505 0.77001285 0.01032015 28.87984907 -0.08560501 0.05759071 0.99466312 -0.33891274
0.76525961 -0.63533759 0.10355431 -7.24876824 0.63807941 0.76992432 0.00836461 28.98908185 -0.08504351 0.05967385 0.99458822 -0.32411911
0.76358592 -0.63642118 0.10910557 -7.32953839 0.63912451 0.76899887 0.01265307 29.11418048 -0.09195442 0.06006930 0.99394968 -0.31474162
0.76345468 -0.63534682 0.11606319 -7.41103622 0.63787644 0.76991095 0.01870644 29.24114762 -0.10124310 0.05975204 0.99306492 -0.30587456
0.76700687 -0.62950015 0.12422084 -7.50902032 0.63238297 0.77440524 0.01969305 29.36095958 -0.10859324 0.06344938 0.99205926 -0.31758318
0.77011400 -0.62497040 0.12781006 -7.61176585 0.62837596 0.77772907 0.01671670 29.48255535 -0.10984839 0.06743916 0.99165726 -0.33584939
0.77012441 -0.62656526 0.11968103 -7.70380268 0.62969168 0.77671147 0.01436475 29.61462809 -0.10195832 0.06429938 0.99270769 -0.33389105
0.77227104 -0.62613512 0.10747867 -7.80189807 0.62858048 0.77762451 0.01361461 29.74051911 -0.09210215 0.05704382 0.99411430 -0.31186414
0.77960782 -0.61971245 0.09037192 -7.91257565 0.62189109 0.78308692 0.00507555 29.85442367 -0.07391376 0.05224397 0.99589499 -0.28900115
0.78356788 -0.61646079 0.07744370 -8.01182333 0.61846132 0.78581120 -0.00237897 29.97612960 -0.05938976 0.04975991 0.99699322 -0.26435031
0.78620683 -0.61346124 0.07445715 -8.10164317 0.61513812 0.78841897 0.00052451 30.10519023 -0.05902527 0.04538832 0.99722420 -0.24333000
0.79232996 -0.60490008 0.07942682 -8.19346895 0.60625496 0.79522375 0.00853089 30.23149790 -0.06832234 0.04139328 0.99680426 -0.23479068
0.80016378 -0.59269102 0.09195300 -8.28850860 0.59381198 0.80441073 0.01762475 30.35655743 -0.08441371 0.04049924 0.99560759 -0.24001813
0.81003519 -0.57783665 0.09973901 -8.39051133 0.57911024 0.81503611 0.01863105 30.48503352 -0.09205615 0.04266770 0.99483905 -0.26229361
0.82078529 -0.56231374 0.10057343 -8.50001378 0.56399933 0.82566407 0.01353078 30.61448527 -0.09064784 0.04561734 0.99483749 -0.28668531
0.83172771 -0.54791398 0.08954737 -8.61391260 0.54985496 0.83525230 0.00352746 30.74855670 -0.07672748 0.04630345 0.99597609 -0.29722396
0.84174290 -0.53546891 0.06886213 -8.72715772 0.53708044 0.84350989 -0.00594912 30.88739995 -0.05489920 0.04199110 0.99760788 -0.28698684
0.84974046 -0.52468861 0.05139964 -8.83294331 0.52570214 0.85063379 -0.00763663 31.03025009 -0.03971596 0.03350981 0.99864872 -0.26088252
0.85684189 -0.51388798 0.04171849 -8.92884791 0.51441677 0.85753688 -0.00230567 31.17610660 -0.03459012 0.02343547 0.99912673 -0.23167069
0.86421619 -0.50148328 0.04055525 -9.01782844 0.50167909 0.86503308 0.00594992 31.32202153 -0.03806485 0.01520301 0.99915978 -0.21184184
0.87047371 -0.49002376 0.04640086 -9.09830040 0.48991964 0.87164900 0.01435648 31.46986552 -0.04747973 0.01023536 0.99881916 -0.20878071
0.87687269 -0.47760559 0.05465426 -9.17643332 0.47714464 0.87854818 0.02205064 31.61705319 -0.05854718 0.00674176 0.99826194 -0.21797874
0.88436916 -0.46241450 0.06374624 -9.25723643 0.46149215 0.88665682 0.02940429 31.75912449 -0.07011753 0.00341405 0.99753285 -0.23091063
0.89111436 -0.44802998 0.07200440 -9.33525823 0.44674882 0.89401616 0.03390838 31.89434450 -0.07956510 0.00195126 0.99682777 -0.23920687
0.89463833 -0.44104854 0.07139902 -9.39884617 0.43951123 0.89748146 0.03683493 32.02931925 -0.08032485 -0.00157384 0.99676673 -0.22914462
0.89689871 -0.43811889 0.06019651 -9.45408984 0.43633191 0.89885690 0.04086949 32.15753861 -0.07201429 -0.01039049 0.99734953 -0.19397129
0.89954064 -0.43399602 0.04973090 -9.51568468 0.43209614 0.90072091 0.04466183 32.28547509 -0.06417657 -0.01868790 0.99776335 -0.16500230
0.90318653 -0.42690153 0.04481856 -9.58237797 0.42524650 0.90409989 0.04205034 32.41194964 -0.05847117 -0.01892047 0.99810994 -0.17018459
0.90761442 -0.41731184 0.04568894 -9.64970115 0.41595287 0.90865333 0.03649444 32.53940547 -0.05674390 -0.01411842 0.99828873 -0.19930257
0.91218373 -0.40643763 0.05224009 -9.71643599 0.40512913 0.91362441 0.03404986 32.67461459 -0.06156704 -0.00989598 0.99805327 -0.22925547
0.91561177 -0.39796021 0.05729825 -9.77724440 0.39648758 0.91734898 0.03559281 32.81823361 -0.06672682 -0.00987103 0.99772237 -0.24361766
0.91881383 -0.39027298 0.05888912 -9.84090742 0.38850015 0.92060127 0.03949775 32.97211675 -0.06962829 -0.01341283 0.99748267 -0.24253711
0.92240829 -0.38237066 0.05436408 -9.91391456 0.38052324 0.92384216 0.04143375 33.13559627 -0.06606720 -0.01753207 0.99766044 -0.22730976
0.92494852 -0.37722957 0.04655012 -9.98450347 0.37550398 0.92587624 0.04181173 33.30071323 -0.05887136 -0.02119462 0.99804025 -0.20560943
0.92611768 -0.37502132 0.04079462 -10.04726112 0.37326369 0.92664513 0.04475627 33.46945803 -0.05458631 -0.02622347 0.99816461 -0.18074011
0.92873635 -0.36912281 0.03459560 -10.11470825 0.36761920 0.92898207 0.04299865 33.63513114 -0.04800975 -0.02721739 0.99847545 -0.16759510
0.93265372 -0.35948762 0.03041565 -10.19346054 0.35847536 0.93291494 0.03411670 33.79912430 -0.04063969 -0.02091548 0.99895449 -0.17985778
0.93600137 -0.35038085 0.03368606 -10.27186779 0.34962179 0.93651629 0.02647846 33.96225049 -0.04082490 -0.01300651 0.99908132 -0.20465737
0.93754274 -0.34606949 0.03534696 -10.33648127 0.34548127 0.93817299 0.02176784 34.13244459 -0.04069502 -0.00819703 0.99913753 -0.22429883
0.93746091 -0.34601791 0.03792182 -10.38544391 0.34521288 0.93815668 0.02625932 34.30770508 -0.04466328 -0.01152648 0.99893514 -0.22675376
0.93691579 -0.34622580 0.04811649 -10.42772739 0.34451189 0.93790740 0.04051860 34.47731959 -0.05915739 -0.02138625 0.99801968 -0.20771161
0.93814249 -0.34169219 0.05598588 -10.47900106 0.33909206 0.93936689 0.05104808 34.63881434 -0.07003339 -0.02890702 0.99712512 -0.19046365
0.94078475 -0.33514055 0.05102923 -10.54059929 0.33285146 0.94173383 0.04845107 34.78576880 -0.06429295 -0.02859744 0.99752046 -0.19280253
0.94132708 -0.33513731 0.03982643 -10.59836730 0.33368413 0.94187780 0.03898286 34.92760823 -0.05057618 -0.02340691 0.99844599 -0.20778310
0.94017517 -0.33928555 0.03089670 -10.64800903 0.33849200 0.94054495 0.02823644 35.06870474 -0.03864000 -0.01608915 0.99912310 -0.22730655
0.93948105 -0.34144358 0.02811563 -10.69558172 0.34098238 0.93985676 0.01998145 35.20804914 -0.03324677 -0.00918531 0.99940441 -0.24956569
0.94001425 -0.33932023 0.03513152 -10.74420321 0.33889614 0.94065891 0.01757778 35.34836479 -0.03901116 -0.00461712 0.99922742 -0.26992835
0.94027732 -0.33730467 0.04585931 -10.78846168 0.33682467 0.94139413 0.01806765 35.49080956 -0.04926506 -0.00154214 0.99878441 -0.28496111
0.94005351 -0.33753546 0.04865712 -10.83114846 0.33699056 0.94131119 0.01926167 35.63202329 -0.05230334 -0.00171008 0.99862901 -0.28837023
0.94022960 -0.33804914 0.04110934 -10.88195215 0.33757525 0.94112207 0.01819788 35.76948660 -0.04484143 -0.00323315 0.99898831 -0.27751639
0.94009441 -0.33957560 0.03017913 -10.93633786 0.33924761 0.94056816 0.01557695 35.90437512 -0.03367555 -0.00440656 0.99942252 -0.26418221
0.93983071 -0.34092756 0.02206295 -10.98910633 0.34073010 0.94008079 0.01229549 36.03929833 -0.02493172 -0.00403872 0.99968099 -0.25503342
0.94014626 -0.34020844 0.01957705 -11.03719511 0.34008355 0.94034704 0.00949033 36.17070039 -0.02163714 -0.00226459 0.99976330 -0.24206278
0.93902734 -0.34278968 0.02687166 -11.07586347 0.34271215 0.93940955 0.00758654 36.31143577 -0.02784440 0.00208467 0.99960962 -0.23896557
0.93636268 -0.34859719 0.04129369 -11.10323373 0.34846207 0.93726192 0.01066299 36.46380164 -0.04241999 0.00440429 0.99908990 -0.24454051
0.93404542 -0.35273737 0.05599077 -11.13462519 0.35223756 0.93571970 0.01887724 36.61982222 -0.05904977 0.00208970 0.99825263 -0.24522596
0.93280020 -0.35450646 0.06487584 -11.17829529 0.35340633 0.93504696 0.02810382 36.77646640 -0.07062401 -0.00328901 0.99749690 -0.23956476
0.93214977 -0.35626647 0.06457247 -11.22843106 0.35484733 0.93435400 0.03265130 36.92938671 -0.07196637 -0.00752319 0.99737840 -0.22864353
0.93109147 -0.36008354 0.05837773 -11.27873161 0.35891702 0.93289577 0.02973418 37.07680999 -0.06516646 -0.00673272 0.99785135 -0.21628481
0.92963523 -0.36491256 0.05115275 -11.32886213 0.36432554 0.93104177 0.02068586 37.21617979 -0.05517430 -0.00059506 0.99847683 -0.20774348
0.92878295 -0.36811378 0.04306631 -11.38110403 0.36803644 0.92975716 0.00999867 37.34531912 -0.04372181 0.00656387 0.99902145 -0.20047716
0.92735550 -0.37225590 0.03789277 -11.42730281 0.37233638 0.92808355 0.00519154 37.46768017 -0.03710023 0.00929344 0.99926774 -0.19217653
0.92502446 -0.37773611 0.04056126 -11.46428539 0.37768033 0.92588845 0.00934388 37.57792603 -0.04108411 0.00667539 0.99913294 -0.18988014
0.92317548 -0.38129335 0.04861095 -11.49520970 0.38091148 0.92445075 0.01725006 37.67900178 -0.05151525 0.00259083 0.99866854 -0.19107414
0.92188758 -0.38290485 0.05922460 -11.52455404 0.38213642 0.92378722 0.02423888 37.76760944 -0.06399101 0.00028588 0.99795004 -0.19713671
0.92045444 -0.38502492 0.06722561 -11.55260795 0.38407390 0.92290506 0.02706631 37.84870908 -0.07246325 0.00090622 0.99737065 -0.20405052
0.91912109 -0.38797168 0.06851651 -11.58190350 0.38715764 0.92166560 0.02533159 37.92425053 -0.07297733 0.00324309 0.99732793 -0.20679019
0.91810604 -0.39094783 0.06512279 -11.61468027 0.39034733 0.92039934 0.02222614 37.99335165 -0.06862835 0.00501417 0.99762976 -0.20410717
0.91721748 -0.39398534 0.05904797 -11.64828639 0.39351505 0.91910281 0.01988640 38.05715948 -0.06210639 0.00499503 0.99805684 -0.19764277
0.91630497 -0.39707456 0.05211592 -11.67944028 0.39661165 0.91778183 0.01937952 38.11804834 -0.05552583 0.00291233 0.99845288 -0.18989863
0.91535750 -0.39969706 0.04860672 -11.70664966 0.39911507 0.91664679 0.02157060 38.17562219 -0.05317674 -0.00034606 0.99858460 -0.18423373
0.91420824 -0.40220809 0.04950254 -11.73152623 0.40140353 0.91554021 0.02568838 38.22748418 -0.05565313 -0.00361485 0.99844324 -0.18063877
0.91271693 -0.40507328 0.05350694 -11.76682569 0.40396388 0.91426183 0.03062357 38.25772631 -0.06132365 -0.00633558 0.99809772 -0.15830029
0.91129821 -0.40747987 0.05911215 -11.79890568 0.40603200 0.91317746 0.03527124 38.28137699 -0.06835183 -0.00814158 0.99762786 -0.13768152
0.91027036 -0.40893926 0.06461839 -11.83013692 0.40719445 0.91251654 0.03880329 38.29724418 -0.07483333 -0.00900987 0.99715492 -0.11646693
0.90957495 -0.40974515 0.06914599 -11.86141687 0.40777643 0.91215222 0.04118416 38.30613922 -0.07994605 -0.00926402 0.99675617 -0.09462979
0.90897649 -0.41053578 0.07226014 -11.89160905 0.40842723 0.91179763 0.04255118 38.30977431 -0.08335518 -0.00916617 0.99647724 -0.07318831
0.90835082 -0.41161256 0.07398087 -11.92059735 0.40942454 0.91131285 0.04334972 38.30972710 -0.08526348 -0.00908817 0.99631692 -0.05246441
0.90776550 -0.41271163 0.07503757 -11.94836085 0.41047128 0.91081683 0.04388571 38.30705205 -0.08645702 -0.00903795 0.99621393 -0.03303929
0.90724618 -0.41365211 0.07612976 -11.97611644 0.41136708 0.91039151 0.04431416 38.30272426 -0.08763791 -0.00888698 0.99611204 -0.01416595
0.90671570 -0.41460116 0.07727581 -12.00356148 0.41229300 0.90996313 0.04451284 38.29836203 -0.08877247 -0.00850106 0.99601514 0.00432728
0.90608247 -0.41573491 0.07859729 -12.02944449 0.41341805 0.90945181 0.04452908 38.29624102 -0.08999307 -0.00785411 0.99591148 0.02097578
0.90532726 -0.41712313 0.07993859 -12.04327774 0.41482158 0.90882264 0.04431686 38.30619674 -0.09113531 -0.00696114 0.99581377 0.02717774
0.90449178 -0.41870224 0.08113081 -12.05931829 0.41644548 0.90810395 0.04380764 38.32147929 -0.09201741 -0.00583788 0.99574026 0.03447186
