1.00000000 -0.00000000 -0.00000000 0.00000000 -0.00000000 1.00000000 0.00000000 0.00000000 0.00000000 -0.00000000 1.00000000 0.00000000
0.99999937 -0.00018860 0.00043198 0.00227590 0.00018797 0.99999930 0.00047454 -0.00024544 -0.00043278 -0.00047522 0.99999945 -0.00371080
0.99999952 -0.00011011 0.00051564 0.00603640 0.00010958 0.99999907 0.00082764 0.00937381 -0.00051695 -0.00082720 0.99999917 -0.00639010
0.99999919 0.00002664 0.00043545 0.00965340 -0.00002721 0.99999846 0.00122605 0.01897552 -0.00043698 -0.00122577 0.99999872 -0.00835590
0.99999945 -0.00013123 0.00006313 0.01156901 0.00013077 0.99999837 0.00125669 0.01877955 -0.00006431 -0.00125641 0.99999859 -0.01163340
0.99999915 -0.00008279 -0.00030112 0.01557774 0.00008319 0.99999895 0.00116649 0.02838705 0.00029998 -0.00116634 0.99999865 -0.01493579
0.99999965 -0.00001414 -0.00018756 0.02015621 0.00001386 0.99999852 0.00111173 0.03788655 0.00018737 -0.00111106 0.99999870 -0.01849065
0.99999983 -0.00011048 0.00016498 0.02339877 0.00010894 0.99999948 0.00105567 0.03744139 -0.00016582 -0.00105557 0.99999913 -0.02239035
0.99999962 -0.00004928 0.00013857 0.02916032 0.00004870 0.99999906 0.00108098 0.04603382 -0.00013973 -0.00108125 0.99999921 -0.01654960
0.99999929 -0.00005236 -0.00008490 0.03442756 0.00005185 0.99999864 0.00116916 0.05473880 0.00008396 -0.00116962 0.99999904 -0.01076345
0.99999948 -0.00020806 -0.00027035 0.04036925 0.00020837 0.99999910 0.00119970 0.06330650 0.00026934 -0.00120036 0.99999921 -0.00513935
0.99999991 -0.00015225 -0.00026263 0.04629629 0.00015135 0.99999850 0.00125036 0.07189111 0.00026144 -0.00125082 0.99999892 0.00028600
0.99999941 -0.00015985 -0.00002582 0.05261293 0.00015955 0.99999903 0.00123414 0.08039244 0.00002468 -0.00123412 0.99999920 0.00567555
0.99999962 -0.00027181 0.00011980 0.05914634 0.00027112 0.99999846 0.00130062 0.08882678 -0.00012081 -0.00130037 0.99999915 0.01134531
0.99999953 -0.00023481 0.00021104 0.06567243 0.00023332 0.99999881 0.00133397 0.09726958 -0.00021258 -0.00133427 0.99999828 0.01691570
0.99999921 -0.00025064 0.00020783 0.07230324 0.00024958 0.99999876 0.00137159 0.10568310 -0.00020916 -0.00137235 0.99999870 0.02257650
0.99999924 -0.00029812 0.00019479 0.07921892 0.00029691 0.99999859 0.00139703 0.11404262 -0.00019608 -0.00139704 0.99999880 0.02811108
0.99999953 -0.00030293 0.00014668 0.08388547 0.00030177 0.99999896 0.00141684 0.11268710 -0.00014839 -0.00141678 0.99999900 0.03288452
0.99999958 -0.00029225 0.00015568 0.08846269 0.00029102 0.99999854 0.00144464 0.12182190 -0.00015635 -0.00144478 0.99999869 0.03463221
0.99999954 -0.00033132 0.00014573 0.09096360 0.00033047 0.99999844 0.00142221 0.12122538 -0.00014796 -0.00142278 0.99999852 0.03530275
0.99999995 -0.00033191 0.00009920 0.09356190 0.00033123 0.99999881 0.00139652 0.12060804 -0.00010063 -0.00139654 0.99999876 0.03596433
0.99999969 -0.00036671 0.00010290 0.09636233 0.00036544 0.99999806 0.00143776 0.11994061 -0.00010475 -0.00143832 0.99999898 0.03670738
0.99999925 -0.00036411 0.00000432 0.09927481 0.00036381 0.99999841 0.00146666 0.11923545 -0.00000523 -0.00146666 0.99999864 0.03764023
0.99999943 -0.00039272 -0.00008885 0.10459458 0.00039234 0.99999877 0.00141020 0.12824597 0.00008675 -0.00141018 0.99999870 0.03881943
0.99999950 -0.00048971 -0.00028738 0.10797208 0.00048943 0.99999896 0.00132660 0.12746208 0.00028620 -0.00132653 0.99999918 0.03940939
0.99999981 -0.00059641 -0.00027877 0.11144697 0.00059569 0.99999874 0.00128061 0.12665738 0.00027710 -0.00128044 0.99999866 0.03999040
0.99999902 -0.00056783 -0.00048067 0.11483179 0.00056759 0.99999812 0.00125834 0.12586504 0.00047905 -0.00125845 0.99999857 0.04067974
0.99999881 -0.00058403 -0.00085002 0.11824592 0.00058528 0.99999788 0.00145663 0.12503890 0.00084889 -0.00145653 0.99999839 0.04176656
0.99999913 -0.00065097 -0.00097994 0.11834117 0.00065123 0.99999881 0.00131490 0.12492902 0.00097825 -0.00131566 0.99999793 0.04305840
0.99999885 -0.00061259 -0.00090899 0.11849719 0.00061305 0.99999880 0.00119967 0.12484058 0.00090760 -0.00119974 0.99999900 0.04384443
0.99999896 -0.00055892 -0.00080195 0.11877259 0.00055883 0.99999884 0.00129725 0.12470597 0.00080033 -0.00129729 0.99999840 0.04491962
0.99999872 -0.00059317 -0.00088772 0.11925011 0.00059303 0.99999897 0.00132327 0.12452127 0.00088578 -0.00132393 0.99999889 0.04607628
0.99999849 -0.00055527 -0.00101700 0.11973496 0.00055542 0.99999859 0.00129017 0.12432811 0.00101543 -0.00129053 0.99999856 0.04733231
0.99999879 -0.00054661 -0.00111680 0.12060207 0.00054745 0.99999837 0.00128444 0.12406014 0.00111536 -0.00128515 0.99999839 0.04845316
0.99999907 -0.00055184 -0.00100639 0.12389846 0.00055292 0.99999891 0.00132069 0.13348247 0.00100511 -0.00132095 0.99999836 0.05011848
0.99999902 -0.00055931 -0.00090016 0.12525989 0.00056030 0.99999837 0.00128906 0.13310196 0.00089807 -0.00128925 0.99999891 0.05129394
0.99999895 -0.00054374 -0.00083559 0.12671872 0.00054418 0.99999872 0.00129852 0.13270063 0.00083431 -0.00129942 0.99999797 0.05246044
0.99999946 -0.00050565 -0.00090693 0.12799009 0.00050633 0.99999873 0.00128650 0.13233248 0.00090552 -0.00128713 0.99999818 0.05374422
0.99999884 -0.00052686 -0.00095051 0.12776598 0.00052812 0.99999878 0.00129405 0.13240792 0.00094868 -0.00129462 0.99999801 0.05336464
0.99999867 -0.00051226 -0.00099502 0.12782674 0.00051275 0.99999841 0.00133567 0.13242936 0.00099367 -0.00133598 0.99999779 0.05285882
0.99999938 -0.00045746 -0.00098491 0.12798490 0.00045785 0.99999899 0.00131086 0.13242999 0.00098392 -0.00131079 0.99999795 0.05234406
0.99999871 -0.00049770 -0.00100548 0.12852533 0.00049865 0.99999871 0.00126710 0.13235580 0.00100455 -0.00126760 0.99999877 0.05169411
0.99999853 -0.00049390 -0.00100222 0.12917781 0.00049488 0.99999860 0.00129204 0.13224388 0.00100021 -0.00129304 0.99999864 0.05123395
0.99999912 -0.00044661 -0.00088460 0.13001776 0.00044744 0.99999869 0.00128057 0.13209878 0.00088242 -0.00128143 0.99999804 0.05065652
0.99999967 -0.00045618 -0.00083416 0.13114991 0.00045689 0.99999873 0.00125196 0.13189123 0.00083287 -0.00125154 0.99999894 0.05005222
0.99999908 -0.00044552 -0.00087592 0.13219198 0.00044596 0.99999834 0.00123450 0.13169604 0.00087425 -0.00123525 0.99999852 0.04955626
0.99999921 -0.00043277 -0.00093936 0.13344350 0.00043330 0.99999890 0.00125459 0.13144231 0.00093857 -0.00125425 0.99999887 0.04924113
0.99999850 -0.00043514 -0.00091779 0.13477777 0.00043503 0.99999919 0.00123549 0.13118466 0.00091563 -0.00123594 0.99999867 0.04871830
0.99999958 -0.00046917 -0.00088027 0.13255277 0.00047014 0.99999847 0.00119033 0.12153333 0.00087929 -0.00119123 0.99999810 0.04695450
0.99999930 -0.00045338 -0.00074905 0.13266697 0.00045364 0.99999887 0.00123220 0.12158467 0.00074708 -0.00123261 0.99999903 0.04584350
0.99999865 -0.00039464 -0.00095467 0.13271307 0.00039545 0.99999824 0.00135140 0.12162302 0.00095351 -0.00135171 0.99999817 0.04513894
0.99999860 -0.00036273 -0.00124095 0.13256438 0.00036345 0.99999896 0.00141955 0.12170300 0.00123960 -0.00141942 0.99999790 0.04445228
0.99999889 -0.00041143 -0.00142047 0.13305352 0.00041262 0.99999869 0.00133386 0.12168798 0.00141886 -0.00133434 0.99999781 0.04310673
0.99999905 -0.00044457 -0.00105664 0.13429986 0.00044480 0.99999847 0.00122505 0.12153176 0.00105529 -0.00122524 0.99999796 0.04139144
0.99999975 -0.00035063 -0.00058016 0.13553888 0.00035016 0.99999846 0.00115296 0.12138400 0.00057925 -0.00115267 0.99999896 0.03957677
0.99999926 -0.00031498 -0.00045623 0.13653699 0.00031465 0.99999884 0.00112258 0.12123953 0.00045551 -0.00112307 0.99999931 0.03848457
0.99999884 -0.00036625 -0.00086812 0.13736228 0.00036650 0.99999908 0.00115583 0.12111133 0.00086650 -0.00115650 0.99999829 0.03770839
0.99999922 -0.00031397 -0.00124970 0.13810483 0.00031447 0.99999890 0.00120082 0.12098705 0.00124847 -0.00120163 0.99999806 0.03713991
0.99999887 -0.00031093 -0.00121913 0.13616470 0.00031151 0.99999874 0.00122387 0.11128171 0.00121806 -0.00122401 0.99999776 0.03524987
0.99999940 -0.00035297 -0.00097202 0.13694603 0.00035303 0.99999871 0.00117865 0.11120423 0.00097098 -0.00117864 0.99999884 0.03387746
0.99999976 -0.00030444 -0.00083075 0.13754722 0.00030525 0.99999889 0.00118661 0.11115148 0.00082902 -0.00118724 0.99999816 0.03272169
0.99999891 -0.00024842 -0.00095241 0.13796094 0.00024880 0.99999926 0.00123698 0.11113192 0.00095108 -0.00123763 0.99999833 0.03168321
0.99999862 -0.00033329 -0.00123074 0.13875692 0.00033441 0.99999921 0.00118840 0.11103753 0.00122908 -0.00118911 0.99999862 0.03050954
0.99999871 -0.00029782 -0.00121433 0.13974770 0.00029856 0.99999827 0.00116945 0.11090151 0.00121294 -0.00116966 0.99999781 0.02931797
0.99999917 -0.00023273 -0.00106900 0.14103068 0.00023355 0.99999918 0.00116722 0.11070303 0.00106750 -0.00116734 0.99999798 0.02809953
0.99999926 -0.00029196 -0.00106720 0.14251578 0.00029210 0.99999884 0.00115139 0.11045447 0.00106644 -0.00115193 0.99999851 0.02696257
0.99999906 -0.00029943 -0.00105927 0.14392547 0.00029997 0.99999890 0.00118867 0.11020136 0.00105706 -0.00118861 0.99999808 0.02613267
0.99999874 -0.00023066 -0.00110237 0.14514768 0.00023130 0.99999893 0.00115503 0.10998144 0.00110156 -0.00115544 0.99999839 0.02542006
0.99999863 -0.00028019 -0.00113194 0.14375480 0.00028062 0.99999930 0.00113694 0.11030670 0.00113092 -0.00113666 0.99999803 0.02514790
0.99999856 -0.00023983 -0.00123484 0.14238389 0.00024068 0.99999852 0.00116472 0.11060661 0.00123419 -0.00116486 0.99999792 0.02517387
0.99999827 -0.00021228 -0.00131993 0.14129785 0.00021231 0.99999878 0.00112183 0.11085251 0.00131935 -0.00112259 0.99999853 0.02507360
0.99999929 -0.00037839 -0.00116566 0.14088628 0.00037976 0.99999904 0.00117619 0.11096114 0.00116446 -0.00117674 0.99999781 0.02481129
0.99999932 -0.00032293 -0.00075082 0.14037730 0.00032317 0.99999916 0.00117618 0.11109059 0.00074907 -0.00117679 0.99999842 0.02455794
0.99999907 -0.00013050 -0.00071491 0.13936668 0.00013068 0.99999907 0.00106049 0.11134103 0.00071359 -0.00106017 0.99999902 0.02415060
0.99999940 -0.00026621 -0.00111782 0.13867757 0.00026597 0.99999875 0.00103936 0.11149521 0.00111754 -0.00103912 0.99999875 0.02411390
0.99999877 -0.00029467 -0.00152283 0.13782296 0.00029577 0.99999921 0.00114807 0.11165722 0.00152164 -0.00114868 0.99999761 0.02449259
0.99999824 -0.00016524 -0.00156290 0.13733597 0.00016593 0.99999854 0.00122459 0.11176131 0.00156095 -0.00122470 0.99999802 0.02453735
0.99999926 -0.00028313 -0.00123168 0.13761351 0.00028387 0.99999871 0.00122247 0.11171576 0.00123077 -0.00122304 0.99999857 0.02431175
0.99999948 -0.00024188 -0.00092675 0.13699248 0.00024326 0.99999906 0.00112150 0.11188293 0.00092541 -0.00112139 0.99999869 0.02386860
0.99999957 -0.00011671 -0.00090824 0.13629604 0.00011728 0.99999933 0.00107842 0.11204556 0.00090663 -0.00107827 0.99999869 0.02373253
0.99999890 -0.00019795 -0.00097924 0.13374739 0.00019872 0.99999874 0.00107762 0.10240142 0.00097802 -0.00107837 0.99999883 0.02289889
0.99999898 -0.00018604 -0.00096341 0.13343321 0.00018640 0.99999874 0.00102696 0.10248924 0.00096287 -0.00102692 0.99999839 0.02262763
0.99999963 -0.00019199 -0.00072204 0.13361335 0.00019266 0.99999889 0.00107024 0.10246450 0.00072084 -0.00106974 0.99999936 0.02241098
0.99999913 -0.00011901 -0.00028446 0.13371075 0.00011926 0.99999924 0.00111456 0.10244369 0.00028292 -0.00111434 0.99999904 0.02240202
0.99999994 -0.00012913 -0.00005857 0.13389090 0.00012839 0.99999900 0.00116748 0.10241896 0.00005822 -0.00116795 0.99999897 0.02218537
0.99999910 -0.00055408 0.00042314 0.13505235 0.00055276 0.99999843 0.00132215 0.10217759 -0.00042387 -0.00132183 0.99999874 0.02197857
0.99999882 -0.00002238 0.00118721 0.13476748 0.00002050 0.99999853 0.00145781 0.10223159 -0.00118864 -0.00145763 0.99999822 0.02210480
0.99999919 0.00010791 0.00082683 0.13490152 -0.00010913 0.99999837 0.00155867 0.10216851 -0.00082736 -0.00155883 0.99999815 0.02259271
0.99999913 -0.00044733 0.00109602 0.13448261 0.00044421 0.99999826 0.00164620 0.10228559 -0.00109828 -0.00164570 0.99999782 0.02223103
0.99999976 -0.00004562 0.00044081 0.13307507 0.00004484 0.99999846 0.00162100 0.10262776 -0.00044197 -0.00162096 0.99999871 0.02176013
0.99999986 0.00016628 0.00041574 0.13219330 -0.00016730 0.99999851 0.00135972 0.10291264 -0.00041675 -0.00135984 0.99999846 0.02044054
0.99999955 -0.00025475 0.00065864 0.13249497 0.00025281 0.99999926 0.00108351 0.10293080 -0.00065974 -0.00108319 0.99999932 0.01921226
0.99999975 -0.00007584 0.00024368 0.12966145 0.00007542 0.99999918 0.00110197 0.09334066 -0.00024514 -0.00110243 0.99999928 0.01850485
0.99999974 0.00008638 0.00041287 0.12906973 -0.00008741 0.99999881 0.00130285 0.09347403 -0.00041397 -0.00130261 0.99999886 0.01845919
0.99999996 -0.00018324 0.00021047 0.12915980 0.00018181 0.99999853 0.00133096 0.09346166 -0.00021095 -0.00133105 0.99999907 0.01835087
1.00000012 -0.00005806 0.00019909 0.12902577 0.00005789 0.99999880 0.00128727 0.09352474 -0.00020037 -0.00128793 0.99999921 0.01786296
0.99999956 0.00005719 0.00020281 0.12889906 -0.00005878 0.99999922 0.00131933 0.09357937 -0.00020321 -0.00131954 0.99999865 0.01747442
0.99999953 -0.00006016 0.00053297 0.12913996 0.00005946 0.99999879 0.00122098 0.09357608 -0.00053429 -0.00122136 0.99999914 0.01675196
0.99999879 -0.00001644 0.00086416 0.12866244 0.00001568 0.99999934 0.00102705 0.09376078 -0.00086502 -0.00102629 0.99999848 0.01559530
0.99999924 -0.00006767 0.00110851 0.12901540 0.00006524 0.99999891 0.00108004 0.09371977 -0.00110939 -0.00107991 0.99999805 0.01506263
0.99999954 -0.00008617 0.00105979 0.12870641 0.00008445 0.99999855 0.00144791 0.09371007 -0.00106149 -0.00144790 0.99999771 0.01619153
0.99999858 -0.00004334 0.00091261 0.12781302 0.00004066 0.99999825 0.00186412 0.09382527 -0.00091420 -0.00186367 0.99999768 0.01737416
0.99999945 -0.00001694 0.00078682 0.12725276 0.00001432 0.99999801 0.00189999 0.09401388 -0.00078769 -0.00189985 0.99999793 0.01642520
0.99999907 0.00009635 0.00037596 0.12691874 -0.00009703 0.99999828 0.00150495 0.09421612 -0.00037650 -0.00150566 0.99999865 0.01455503
0.99999929 -0.00000982 0.00037593 0.12720575 0.00000965 0.99999933 0.00107695 0.09425118 -0.00037649 -0.00107710 0.99999948 0.01312800
0.99999889 -0.00011662 0.00077997 0.12775351 0.00011456 0.99999954 0.00102192 0.09416853 -0.00078114 -0.00102191 0.99999922 0.01257743
0.99999909 0.00013537 0.00114180 0.12805303 -0.00013775 0.99999877 0.00125025 0.09409762 -0.00114174 -0.00124987 0.99999800 0.01264994
0.99999850 0.00008571 0.00148609 0.12626158 -0.00008822 0.99999898 0.00133357 0.08431230 -0.00148668 -0.00133273 0.99999781 0.01144656
0.99999862 0.00001484 0.00107102 0.12545309 -0.00001622 0.99999864 0.00126477 0.08451266 -0.00107200 -0.00126514 0.99999842 0.01112069
0.99999916 0.00013426 0.00076457 0.12450323 -0.00013597 0.99999884 0.00112800 0.08478454 -0.00076523 -0.00112802 0.99999831 0.01020754
0.99999895 -0.00000130 0.00073624 0.12444461 -0.00000038 0.99999895 0.00117324 0.08485216 -0.00073658 -0.00117336 0.99999821 0.00941256
0.99999921 0.00000728 0.00100414 0.12462475 -0.00000865 0.99999912 0.00129281 0.08482743 -0.00100498 -0.00129272 0.99999869 0.00919591
0.99999811 0.00006494 0.00147105 0.12460277 -0.00006761 0.99999913 0.00140256 0.08485279 -0.00147181 -0.00140263 0.99999775 0.00889780
0.99999871 0.00006181 0.00122747 0.12438599 -0.00006399 0.99999815 0.00146845 0.08491978 -0.00122802 -0.00146790 0.99999817 0.00861758
0.99999905 0.00012246 0.00073943 0.12373565 -0.00012332 0.99999869 0.00135622 0.08512076 -0.00074000 -0.00135660 0.99999844 0.00777695
0.99999943 0.00008183 0.00027098 0.12347491 -0.00008277 0.99999828 0.00120578 0.08523847 -0.00027166 -0.00120571 0.99999906 0.00690050
0.99999999 0.00004040 0.00020504 0.12362575 -0.00004125 0.99999876 0.00119975 0.08524755 -0.00020578 -0.00119959 0.99999938 0.00628636
0.99999934 0.00010701 0.00041596 0.12388130 -0.00010773 0.99999914 0.00126933 0.08522736 -0.00041567 -0.00126888 0.99999880 0.00576264
0.99999923 0.00011478 0.00058544 0.12414633 -0.00011648 0.99999841 0.00132751 0.08528777 -0.00058647 -0.00132788 0.99999830 0.00403750
0.99999929 0.00008466 0.00045723 0.12441869 -0.00008538 0.99999898 0.00129929 0.08533974 -0.00045703 -0.00129945 0.99999831 0.00241174
0.99999928 0.00010767 0.00025789 0.12458632 -0.00010826 0.99999838 0.00126001 0.08542098 -0.00025872 -0.00125993 0.99999860 0.00069555
0.99999992 0.00010485 0.00019001 0.12495608 -0.00010594 0.99999858 0.00126874 0.08545213 -0.00019014 -0.00126877 0.99999931 -0.00093917
0.99999903 0.00000057 0.00050860 0.12557406 -0.00000168 0.99999956 0.00091948 0.08547153 -0.00050927 -0.00091985 0.99999945 -0.00319698
0.99999902 -0.00008463 0.00070711 0.12605801 0.00008386 0.99999928 0.00076296 0.08555402 -0.00070829 -0.00076265 0.99999867 -0.00594270
0.99999907 -0.00006625 0.00087690 0.12622779 0.00006576 0.99999946 0.00063013 0.08572432 -0.00087788 -0.00063015 0.99999900 -0.00895968
0.99999910 -0.00010467 0.00088608 0.12659236 0.00010331 0.99999922 0.00053369 0.08585298 -0.00088677 -0.00053375 0.99999918 -0.01199457
0.99999939 -0.00014749 0.00068181 0.12730775 0.00014668 0.99999979 0.00050989 0.08585157 -0.00068284 -0.00050941 0.99999913 -0.01426133
0.99999906 -0.00009191 0.00072326 0.12806709 0.00009114 0.99999947 0.00042994 0.08579945 -0.00072478 -0.00042900 0.99999934 -0.01593186
0.99999902 -0.00009479 0.00087513 0.12784299 0.00009332 0.99999914 0.00028054 0.08587490 -0.00087554 -0.00028089 0.99999959 -0.01631145
0.99999932 -0.00011451 0.00096323 0.12764819 0.00011374 0.99999960 0.00041924 0.08591653 -0.00096439 -0.00041827 0.99999885 -0.01629354
0.99999957 -0.00006125 0.00100271 0.12735600 0.00005998 0.99999980 0.00053161 0.08597899 -0.00100420 -0.00053187 0.99999946 -0.01626669
0.99999949 -0.00009215 0.00084243 0.12715387 0.00009095 0.99999943 0.00048785 0.08602907 -0.00084256 -0.00048735 0.99999950 -0.01634815
0.99999931 -0.00011268 0.00072351 0.12694442 0.00011163 0.99999931 0.00046478 0.08608762 -0.00072506 -0.00046472 0.99999927 -0.01652899
0.99999955 -0.00009227 0.00074122 0.12701984 0.00009119 0.99999896 0.00046603 0.08609215 -0.00074192 -0.00046525 0.99999907 -0.01683606
0.99999889 -0.00009012 0.00086800 0.12710258 0.00008980 0.99999893 0.00048735 0.08608824 -0.00086878 -0.00048654 0.99999959 -0.01704376
0.99999956 -0.00008390 0.00089899 0.12729738 0.00008261 0.99999938 0.00049800 0.08604661 -0.00090064 -0.00049803 0.99999922 -0.01706166
0.99999952 -0.00005369 0.00085304 0.12738012 0.00005272 0.99999932 0.00050402 0.08604269 -0.00085387 -0.00050429 0.99999909 -0.01726936
0.99999924 -0.00005772 0.00091045 0.12765766 0.00005671 0.99999909 0.00050372 0.08599714 -0.00091087 -0.00050300 0.99999886 -0.01749496
0.99999881 -0.00005992 0.00108734 0.12553006 0.00005871 0.99999980 0.00046168 0.07632499 -0.00108778 -0.00046152 0.99999934 -0.01926772
0.99999934 -0.00003559 0.00118046 0.12555418 0.00003426 0.99999921 0.00044122 0.07638870 -0.00118147 -0.00044123 0.99999879 -0.02027040
0.99999954 -0.00002761 0.00088193 0.12511330 0.00002703 0.99999945 0.00049968 0.07653114 -0.00088323 -0.00050016 0.99999961 -0.02093019
0.99999976 -0.00007244 0.00042477 0.12476981 0.00007142 0.99999959 0.00050791 0.07665276 -0.00042562 -0.00050791 0.99999980 -0.02159894
1.00000013 -0.00007986 0.00013745 0.12478661 0.00007927 0.99999960 0.00049935 0.07672492 -0.00013818 -0.00049932 0.99999913 -0.02270099
0.99999927 -0.00007677 0.00010591 0.12499821 0.00007630 0.99999940 0.00047650 0.07675544 -0.00010717 -0.00047642 0.99999951 -0.02382094
0.99999970 -0.00005989 0.00018493 0.12513438 0.00005899 0.99999976 0.00050532 0.07678142 -0.00018515 -0.00050581 0.99999916 -0.02463383
1.00000005 -0.00004291 0.00003931 0.12517316 0.00004179 0.99999970 0.00054455 0.07682822 -0.00004073 -0.00054430 0.99999914 -0.02543776
0.99999936 -0.00007265 -0.00009339 0.12540674 0.00007284 0.99999922 0.00057680 0.07683339 0.00009178 -0.00057636 0.99999959 -0.02625959
0.99999922 -0.00007942 -0.00022083 0.12563299 0.00007943 0.99999970 0.00056174 0.07684700 0.00022015 -0.00056173 0.99999966 -0.02718080
0.99999953 -0.00002862 -0.00020828 0.12579115 0.00002897 0.99999878 0.00057749 0.07684763 0.00020678 -0.00057662 0.99999907 -0.02769557
0.99999958 -0.00006066 -0.00017935 0.12606136 0.00006068 0.99999973 0.00059267 0.07681053 0.00017828 -0.00059230 0.99999923 -0.02802054
0.99999976 -0.00007509 -0.00017110 0.12642165 0.00007453 0.99999959 0.00055900 0.07676107 0.00017039 -0.00055904 0.99999978 -0.02845384
1.00000008 -0.00002656 -0.00020743 0.12668453 0.00002682 0.99999976 0.00056704 0.07673243 0.00020656 -0.00056764 0.99999912 -0.02887819
0.99999977 -0.00003003 -0.00019732 0.12714222 0.00002961 0.99999887 0.00064793 0.07666214 0.00019675 -0.00064796 0.99999922 -0.02932044
1.00000005 -0.00004652 -0.00007246 0.12770463 0.00004639 0.99999928 0.00066048 0.07656259 0.00007137 -0.00066080 0.99999913 -0.02967228
1.00000015 -0.00001215 -0.00010808 0.12816964 0.00001205 0.99999961 0.00065701 0.07648386 0.00010768 -0.00065626 0.99999945 -0.03001516
0.99999967 -0.00003219 -0.00020403 0.12862732 0.00003126 0.99999924 0.00061658 0.07641358 0.00020294 -0.00061657 0.99999906 -0.03045741
0.99999919 -0.00005694 -0.00036076 0.12909233 0.00005749 0.99999940 0.00058431 0.07633485 0.00036018 -0.00058455 0.99999982 -0.03080029
0.99999961 -0.00000950 -0.00035424 0.12955734 0.00000965 0.99999961 0.00060550 0.07625611 0.00035306 -0.00060513 0.99999913 -0.03114317
0.99999975 0.00000767 -0.00024102 0.12997839 -0.00000824 0.99999964 0.00063088 0.07622810 0.00023983 -0.00063055 0.99999898 -0.03208228
0.99999934 -0.00001935 -0.00017235 0.13030203 0.00001911 0.99999967 0.00067837 0.07622089 0.00017174 -0.00067887 0.99999896 -0.03301244
0.99999994 -0.00001512 -0.00025812 0.13053561 0.00001415 0.99999938 0.00059869 0.07622606 0.00025681 -0.00059870 0.99999951 -0.03383428
0.99999910 0.00003667 -0.00032407 0.13075453 -0.00003742 0.99999885 0.00059266 0.07624813 0.00032293 -0.00059250 0.99999984 -0.03485486
0.99999934 -0.00000799 -0.00037718 0.13118291 0.00000812 0.99999878 0.00064238 0.07621166 0.00037610 -0.00064255 0.99999893 -0.03569460
0.99999989 0.00001530 -0.00043844 0.12937681 -0.00001572 0.99999908 0.00069173 0.06644324 0.00043743 -0.00069154 0.99999959 -0.03709673
0.99999906 0.00004826 -0.00051676 0.12970046 -0.00004866 0.99999890 0.00069052 0.06643604 0.00051620 -0.00068996 0.99999923 -0.03802689
0.99999987 0.00003609 -0.00056569 0.13021157 -0.00003677 0.99999982 0.00063459 0.06639566 0.00056444 -0.00063464 0.99999908 -0.03907433
0.99999954 0.00003679 -0.00051649 0.13082742 -0.00003639 0.99999962 0.00064836 0.06632600 0.00051519 -0.00064880 0.99999965 -0.04003135
0.99999911 0.00006835 -0.00041848 0.13135319 -0.00006859 0.99999922 0.00068427 0.06626871 0.00041789 -0.00068437 0.99999950 -0.04088004
1.00000003 0.00005397 -0.00031792 0.13137731 -0.00005469 0.99999964 0.00067447 0.06633242 0.00031737 -0.00067422 0.99999930 -0.04188272
0.99999902 0.00003305 -0.00024848 0.13149884 -0.00003428 0.99999905 0.00064377 0.06637531 0.00024773 -0.00064354 0.99999962 -0.04289434
0.99999909 0.00006839 -0.00010574 0.13161303 -0.00006860 0.99999918 0.00063903 0.06642665 0.00010493 -0.00063909 0.99999976 -0.04400534
0.99999964 0.00008882 0.00007471 0.13172723 -0.00008910 0.99999912 0.00058494 0.06647799 -0.00007598 -0.00058425 0.99999997 -0.04511635
0.99999957 0.00001267 0.00046255 0.13209699 -0.00001421 0.99999968 0.00049759 0.06650914 -0.00046308 -0.00049808 0.99999916 -0.04675107
0.99999877 0.00005453 0.00099905 0.13256414 -0.00005610 0.99999931 0.00043287 0.06651947 -0.00099993 -0.00043277 0.99999938 -0.04839474
0.99999937 0.00016649 0.00110017 0.13269299 -0.00016832 0.99999956 0.00055532 0.06655390 -0.00110109 -0.00055572 0.99999932 -0.04930699
0.99999933 0.00008793 -0.00008872 0.13257879 -0.00008904 0.99999890 0.00090626 0.06650256 0.00008808 -0.00090622 0.99999910 -0.04819599
0.99999854 -0.00001890 -0.00137809 0.13184143 0.00002045 0.99999816 0.00150825 0.06652933 0.00137748 -0.00150824 0.99999745 -0.04622735
0.99999248 -0.00012635 -0.00366429 0.13137213 0.00013335 0.99999723 0.00219449 0.06642994 0.00366281 -0.00219475 0.99999093 -0.04328288
0.99998826 -0.00013833 -0.00472975 0.13122434 0.00015023 0.99999543 0.00275576 0.06623428 0.00472823 -0.00275655 0.99998440 -0.03996778
0.99998789 -0.00023748 -0.00478137 0.13170186 0.00025149 0.99999472 0.00299501 0.06604958 0.00477914 -0.00299585 0.99998340 -0.03881113
0.99998798 -0.00018760 -0.00473099 0.13278790 0.00020158 0.99999517 0.00310090 0.06580368 0.00472860 -0.00310213 0.99998366 -0.03871086
0.99999091 -0.00012128 -0.00405060 0.13375455 0.00013275 0.99999497 0.00298276 0.06560395 0.00404930 -0.00298326 0.99998684 -0.03889976
0.99999160 -0.00016655 -0.00407544 0.13456305 0.00017809 0.99999531 0.00296256 0.06540359 0.00407424 -0.00296279 0.99998695 -0.03857389
0.99999022 -0.00013790 -0.00437266 0.13489921 0.00014977 0.99999524 0.00287408 0.06529042 0.00437081 -0.00287434 0.99998625 -0.03800451
0.99998924 -0.00014673 -0.00452792 0.13552024 0.00015978 0.99999534 0.00293606 0.06512325 0.00452670 -0.00293708 0.99998485 -0.03756137
0.99998918 -0.00019124 -0.00452474 0.13438646 0.00020415 0.99999510 0.00298463 0.05512850 0.00452344 -0.00298514 0.99998472 -0.03782474
0.99999051 -0.00014320 -0.00419588 0.13538975 0.00015462 0.99999493 0.00294186 0.05488651 0.00419509 -0.00294240 0.99998703 -0.03751678
0.99999168 -0.00012834 -0.00407489 0.13628099 0.00014012 0.99999489 0.00286905 0.05468225 0.00407402 -0.00287004 0.99998701 -0.03739860
0.99999206 -0.00014372 -0.00397857 0.13678692 0.00015495 0.99999585 0.00284886 0.05473938 0.00397664 -0.00284970 0.99998724 -0.03984621
0.99999282 -0.00010336 -0.00382450 0.13739026 0.00011403 0.99999506 0.00287748 0.05477569 0.00382316 -0.00287791 0.99998838 -0.04230277
0.99999314 -0.00010166 -0.00369964 0.13790352 0.00011121 0.99999554 0.00290438 0.05482437 0.00369912 -0.00290516 0.99998851 -0.04465100
0.99999296 -0.00011484 -0.00358725 0.13859692 0.00012515 0.99999549 0.00289192 0.05484832 0.00358660 -0.00289212 0.99998922 -0.04721588
0.99999510 -0.00003608 -0.00295173 0.13966526 0.00004319 0.99999589 0.00285249 0.05480590 0.00295153 -0.00285160 0.99999133 -0.05001531
0.99999718 0.00007325 -0.00208501 0.14071895 -0.00006897 0.99999614 0.00271287 0.05478038 0.00208446 -0.00271272 0.99999404 -0.05301350
0.99999737 0.00002355 -0.00198152 0.14131495 -0.00001879 0.99999609 0.00271680 0.05482515 0.00198104 -0.00271711 0.99999379 -0.05556943
0.99999636 0.00000371 -0.00267886 0.14136321 0.00000322 0.99999547 0.00276469 0.05495256 0.00267835 -0.00276400 0.99999192 -0.05757478
0.99999511 0.00001976 -0.00314555 0.14150885 -0.00001119 0.99999587 0.00279155 0.05505915 0.00314515 -0.00279132 0.99999038 -0.05958908
0.99999420 -0.00001893 -0.00317937 0.14222424 0.00002775 0.99999502 0.00286361 0.05505774 0.00317872 -0.00286401 0.99999095 -0.06185585
0.99999478 -0.00004017 -0.00300534 0.14308831 0.00004784 0.99999541 0.00286123 0.05497635 0.00300428 -0.00286140 0.99999100 -0.06343596
0.99999505 0.00001726 -0.00300851 0.14377957 -0.00000990 0.99999570 0.00284136 0.05491123 0.00300740 -0.00284045 0.99999156 -0.06470005
0.99999505 0.00000087 -0.00312315 0.14427604 0.00000782 0.99999569 0.00286254 0.05488775 0.00312262 -0.00286239 0.99999074 -0.06594623
0.99999493 -0.00001810 -0.00319016 0.14505737 0.00002691 0.99999498 0.00286599 0.05481027 0.00318866 -0.00286609 0.99999094 -0.06731864
0.99999510 0.00003013 -0.00303783 0.14584603 -0.00002218 0.99999520 0.00284375 0.05472434 0.00303654 -0.00284447 0.99999090 -0.06859168
0.99999573 0.00000610 -0.00273445 0.14691955 0.00000059 0.99999545 0.00286004 0.05458440 0.00273352 -0.00286079 0.99999206 -0.06999095
0.99999649 0.00005750 -0.00259397 0.14780561 -0.00005040 0.99999568 0.00284966 0.05447765 0.00259227 -0.00284946 0.99999188 -0.07127295
0.99999707 0.00014699 -0.00237391 0.14857229 -0.00014122 0.99999591 0.00282682 0.05441707 0.00237418 -0.00282585 0.99999284 -0.07284411
0.99999708 0.00002842 -0.00225742 0.14975054 -0.00002331 0.99999565 0.00278579 0.05424787 0.00225641 -0.00278593 0.99999283 -0.07415296
0.99999672 0.00011753 -0.00233586 0.15035905 -0.00011180 0.99999571 0.00278869 0.05418667 0.00233545 -0.00278847 0.99999282 -0.07520935
0.99999576 0.00015793 -0.00262959 0.15089734 -0.00015129 0.99999581 0.00274048 0.05402341 0.00262902 -0.00274012 0.99999227 -0.07455851
0.99999517 0.00004102 -0.00286417 0.15173514 -0.00003389 0.99999547 0.00270493 0.05378924 0.00286346 -0.00270436 0.99999145 -0.07383515
0.99999311 0.00033545 -0.00357173 0.14898222 -0.00032443 0.99999425 0.00315232 0.04410614 0.00357250 -0.00315084 0.99998809 -0.07344947
0.99998945 0.00004639 -0.00459338 0.14983469 -0.00003568 0.99999631 0.00248036 0.04385507 0.00459258 -0.00248028 0.99998614 -0.07252736
0.99999018 -0.00032668 -0.00435699 0.15166113 0.00033862 0.99999540 0.00279366 0.04339582 0.00435568 -0.00279499 0.99998630 -0.07169479
0.99999343 0.00021898 -0.00358874 0.15238688 -0.00020962 0.99999619 0.00270238 0.04319938 0.00358828 -0.00270233 0.99998931 -0.07116122
0.99999480 0.00019513 -0.00315939 0.15377977 -0.00018649 0.99999591 0.00286131 0.04287412 0.00315844 -0.00286060 0.99999029 -0.07088907
0.99999429 -0.00014770 -0.00320625 0.15500717 0.00015628 0.99999586 0.00274739 0.04255668 0.00320474 -0.00274777 0.99999110 -0.07020152
0.99999207 0.00014352 -0.00378844 0.15499037 -0.00013379 0.99999626 0.00268584 0.04248452 0.00378805 -0.00268569 0.99998854 -0.06909947
0.99999174 0.00016285 -0.00400450 0.15572345 -0.00015172 0.99999592 0.00283298 0.04227963 0.00400492 -0.00283205 0.99998780 -0.06846653
0.99999243 -0.00009065 -0.00372991 0.15725252 0.00010011 0.99999598 0.00275298 0.04198035 0.00372842 -0.00275297 0.99998893 -0.06900726
0.99999379 0.00013154 -0.00354650 0.15791965 -0.00012266 0.99999542 0.00277001 0.04185153 0.00354634 -0.00276941 0.99998994 -0.06926868
0.99999391 0.00018401 -0.00352323 0.15653978 -0.00017443 0.99999562 0.00283571 0.03195758 0.00352281 -0.00283565 0.99998978 -0.07020975
0.99999313 -0.00001814 -0.00370420 0.15740904 0.00002781 0.99999595 0.00279142 0.03177867 0.00370309 -0.00279053 0.99998930 -0.07038970
0.99999171 0.00011140 -0.00389882 0.15797878 -0.00010129 0.99999607 0.00278916 0.03167067 0.00389851 -0.00278900 0.99998836 -0.07064216
0.99999231 0.00014898 -0.00376917 0.15901353 -0.00013865 0.99999514 0.00274729 0.03148393 0.00376850 -0.00274656 0.99998832 -0.07123750
0.99999295 0.00002335 -0.00354278 0.16025772 -0.00001446 0.99999571 0.00269637 0.03123865 0.00354253 -0.00269599 0.99998944 -0.07165200
0.99999310 0.00012708 -0.00362826 0.16093951 -0.00011789 0.99999569 0.00268539 0.03109293 0.00362831 -0.00268452 0.99998977 -0.07171466
0.99999298 0.00015697 -0.00377409 0.16150192 -0.00014737 0.99999631 0.00268576 0.03099338 0.00377374 -0.00268466 0.99998848 -0.07206650
0.99999194 0.00007531 -0.00384059 0.16246858 -0.00006551 0.99999559 0.00266753 0.03079365 0.00384015 -0.00266663 0.99998882 -0.07225540
0.99999274 0.00014084 -0.00377872 0.16302366 -0.00013120 0.99999629 0.00269294 0.03070255 0.00377815 -0.00269253 0.99998843 -0.07270660
0.99999307 0.00017262 -0.00364356 0.16151708 -0.00016306 0.99999535 0.00269084 0.02086323 0.00364359 -0.00269093 0.99998935 -0.07403621
0.99999293 0.00011389 -0.00351929 0.16234970 -0.00010518 0.99999564 0.00267169 0.02072658 0.00351871 -0.00267148 0.99998963 -0.07471302
0.99999352 0.00016857 -0.00352900 0.16280739 -0.00015932 0.99999635 0.00269328 0.02065630 0.00352815 -0.00269256 0.99999017 -0.07515527
0.99999261 0.00019370 -0.00361004 0.16335514 -0.00018423 0.99999606 0.00266497 0.02057365 0.00360962 -0.00266425 0.99998971 -0.07570585
0.99999324 0.00014646 -0.00365191 0.16400029 -0.00013698 0.99999623 0.00266596 0.02047019 0.00365184 -0.00266477 0.99998986 -0.07626538
0.99999204 0.00020753 -0.00381503 0.16446530 -0.00019822 0.99999535 0.00275839 0.02039146 0.00381477 -0.00275791 0.99998862 -0.07660826
0.99999203 0.00022459 -0.00395163 0.16475017 -0.00021378 0.99999551 0.00283059 0.02033746 0.00395131 -0.00282959 0.99998773 -0.07673449
0.99999109 0.00011724 -0.00424851 0.16551471 -0.00010574 0.99999542 0.00285903 0.02018782 0.00424838 -0.00285791 0.99998688 -0.07700485
0.99999176 0.00020814 -0.00399992 0.16631802 -0.00019757 0.99999557 0.00276323 0.02008498 0.00400001 -0.00276297 0.99998757 -0.07807915
0.99999350 0.00023476 -0.00362626 0.16753291 -0.00022558 0.99999569 0.00264184 0.01987351 0.00362617 -0.00264114 0.99998995 -0.07889114
0.99999284 0.00019153 -0.00359725 0.16870169 -0.00018236 0.99999642 0.00263339 0.01962369 0.00359668 -0.00263286 0.99999011 -0.07899857
0.99999258 0.00025481 -0.00375130 0.16929341 -0.00024529 0.99999576 0.00264783 0.01949033 0.00375135 -0.00264664 0.99998961 -0.07895291
0.99999213 0.00024525 -0.00393543 0.17015534 -0.00023528 0.99999611 0.00265149 0.01931987 0.00393539 -0.00265094 0.99998841 -0.07923223
0.99999203 0.00023109 -0.00385809 0.17131679 -0.00022172 0.99999627 0.00263856 0.01907851 0.00385806 -0.00263780 0.99998865 -0.07943903
0.99999273 0.00027227 -0.00379336 0.17023644 -0.00026256 0.99999637 0.00263866 0.00911366 0.00379315 -0.00263681 0.99998892 -0.08030759
0.99999285 0.00027108 -0.00377068 0.17120310 -0.00026210 0.99999591 0.00267265 0.00891393 0.00377104 -0.00267097 0.99998913 -0.08049649
0.99999203 0.00026373 -0.00386647 0.17207969 -0.00025411 0.99999584 0.00266198 0.00872656 0.00386637 -0.00266138 0.99998824 -0.08057706
0.99999218 0.00029246 -0.00392315 0.17303902 -0.00028269 0.99999628 0.00264158 0.00853529 0.00392330 -0.00264031 0.99998867 -0.08086534
0.99999218 0.00029548 -0.00384233 0.17420780 -0.00028636 0.99999646 0.00265457 0.00828547 0.00384248 -0.00265260 0.99998885 -0.08097277
0.99999219 0.00028755 -0.00383312 0.17508224 -0.00027752 0.99999614 0.00268335 0.00800905 0.00383317 -0.00268223 0.99998860 -0.07975255
0.99999220 0.00030905 -0.00394954 0.17565716 -0.00029891 0.99999575 0.00267205 0.00780353 0.00395010 -0.00267077 0.99998818 -0.07860484
0.99999131 0.00030141 -0.00397859 0.17652428 -0.00029146 0.99999572 0.00263228 0.00753556 0.00397897 -0.00263096 0.99998794 -0.07748399
0.99999196 0.00031214 -0.00387621 0.17748879 -0.00030199 0.99999554 0.00264971 0.00724676 0.00387639 -0.00264787 0.99998892 -0.07637210
0.99999225 0.00033664 -0.00375903 0.17845330 -0.00032678 0.99999597 0.00267417 0.00695797 0.00375854 -0.00267278 0.99998940 -0.07526020
0.99999261 0.00033114 -0.00380706 0.17932775 -0.00032200 0.99999591 0.00265601 0.00668155 0.00380722 -0.00265427 0.99998939 -0.07403999
0.99999175 0.00033610 -0.00390890 0.17795306 -0.00032680 0.99999660 0.00263643 -0.00330992 0.00390952 -0.00263545 0.99998819 -0.07358089
0.99999229 0.00035476 -0.00391221 0.17882018 -0.00034454 0.99999582 0.00265462 -0.00357789 0.00391199 -0.00265400 0.99998797 -0.07246005
0.99999209 0.00035349 -0.00380941 0.17998681 -0.00034461 0.99999637 0.00265964 -0.00391677 0.00380936 -0.00265789 0.99998886 -0.07126668
0.99999237 0.00036140 -0.00378570 0.18095133 -0.00035227 0.99999610 0.00265029 -0.00420556 0.00378554 -0.00264944 0.99998934 -0.07015479
0.99999257 0.00037955 -0.00384093 0.18146030 -0.00037052 0.99999562 0.00264196 -0.00433501 0.00384133 -0.00264075 0.99998868 -0.06990144
0.99999190 0.00037536 -0.00394439 0.18205202 -0.00036516 0.99999556 0.00264320 -0.00446837 0.00394448 -0.00264146 0.99998836 -0.06985578
0.99999220 0.00038711 -0.00389810 0.18285319 -0.00037743 0.99999543 0.00264840 -0.00466027 0.00389813 -0.00264737 0.99998841 -0.06962928
0.99999166 0.00039587 -0.00384504 0.18364703 -0.00038598 0.99999601 0.00265617 -0.00484372 0.00384512 -0.00265400 0.99998918 -0.06950216
0.99999179 0.00041022 -0.00379174 0.18435080 -0.00040079 0.99999594 0.00265573 -0.00501480 0.00379152 -0.00265406 0.99998924 -0.06926671
0.99999222 0.00041404 -0.00381673 0.18514464 -0.00040464 0.99999642 0.00265924 -0.00519825 0.00381632 -0.00265832 0.99998836 -0.06913959
0.99999163 0.00042058 -0.00383563 0.18584109 -0.00041100 0.99999589 0.00264287 -0.00536088 0.00383595 -0.00264174 0.99998837 -0.06900351
0.99999237 0.00042771 -0.00386963 0.18655219 -0.00041764 0.99999621 0.00265646 -0.00554042 0.00387055 -0.00265432 0.99998901 -0.06866869
0.99999274 0.00043192 -0.00379698 0.18734603 -0.00042297 0.99999593 0.00266515 -0.00572387 0.00379761 -0.00266371 0.99998842 -0.06854156
0.99999202 0.00045021 -0.00373080 0.18822261 -0.00044078 0.99999620 0.00262386 -0.00591123 0.00373074 -0.00262176 0.99998908 -0.06862214
0.99999282 0.00045250 -0.00368883 0.18947628 -0.00044323 0.99999600 0.00264229 -0.00607590 0.00368922 -0.00264107 0.99998957 -0.07023806
0.99999190 0.00043953 -0.00377199 0.18847350 -0.00043025 0.99999600 0.00266164 -0.01594715 0.00377190 -0.00265923 0.99998929 -0.07271448
0.99999219 0.00047130 -0.00384894 0.18961511 -0.00046235 0.99999598 0.00262830 -0.01607409 0.00384965 -0.00262636 0.99998911 -0.07452019
0.99999214 0.00045128 -0.00381019 0.19095885 -0.00044122 0.99999557 0.00263212 -0.01625113 0.00381120 -0.00263095 0.99998859 -0.07624444
0.99999217 0.00045062 -0.00383480 0.19219787 -0.00044185 0.99999633 0.00264160 -0.01639889 0.00383530 -0.00263990 0.99998920 -0.07805910
0.99999226 0.00047683 -0.00380371 0.19343688 -0.00046640 0.99999571 0.00265734 -0.01654665 0.00380402 -0.00265496 0.99998925 -0.07987377
0.99999210 0.00046938 -0.00380793 0.19467589 -0.00045950 0.99999606 0.00263776 -0.01669441 0.00380864 -0.00263627 0.99998891 -0.08168844
0.99999197 0.00047665 -0.00383727 0.19592223 -0.00046759 0.99999622 0.00264934 -0.01685063 0.00383715 -0.00264686 0.99998904 -0.08340373
0.99999251 0.00050546 -0.00385193 0.19706385 -0.00049541 0.99999564 0.00265771 -0.01697757 0.00385185 -0.00265607 0.99998882 -0.08520944
0.99999214 0.00049303 -0.00383240 0.19839294 -0.00048368 0.99999564 0.00264830 -0.01713770 0.00383174 -0.00264610 0.99998859 -0.08713243
0.99999259 0.00048611 -0.00383100 0.19920358 -0.00047657 0.99999629 0.00263569 -0.01724899 0.00383131 -0.00263346 0.99998842 -0.08810736
0.99999166 0.00051672 -0.00384815 0.19992414 -0.00050726 0.99999547 0.00264664 -0.01734791 0.00384788 -0.00264484 0.99998860 -0.08897396
0.99999147 0.00051894 -0.00390532 0.20074944 -0.00050918 0.99999535 0.00266743 -0.01747611 0.00390610 -0.00266514 0.99998855 -0.08975014
0.99999191 0.00051563 -0.00392355 0.20156741 -0.00050541 0.99999551 0.00265915 -0.01759585 0.00392450 -0.00265684 0.99998818 -0.09062569
0.99999159 0.00052864 -0.00392979 0.20238537 -0.00051908 0.99999607 0.00266362 -0.01771559 0.00393041 -0.00266177 0.99998802 -0.09150124
0.99999163 0.00054331 -0.00390684 0.20330074 -0.00053288 0.99999531 0.00266979 -0.01785616 0.00390709 -0.00266795 0.99998886 -0.09238575
0.99999181 0.00054876 -0.00382094 0.20431350 -0.00053829 0.99999605 0.00266837 -0.01801754 0.00382108 -0.00266628 0.99998844 -0.09327920
0.99999174 0.00054934 -0.00385644 0.20523620 -0.00053973 0.99999538 0.00266079 -0.01816655 0.00385719 -0.00265833 0.99998840 -0.09406433
0.99999181 0.00055795 -0.00379829 0.20390244 -0.00054807 0.99999613 0.00266849 -0.02802215 0.00379912 -0.00266695 0.99998880 -0.09570997
0.99999243 0.00056223 -0.00387014 0.20481047 -0.00055214 0.99999576 0.00267814 -0.02815426 0.00387118 -0.00267535 0.99998888 -0.09669384
0.99999220 0.00057561 -0.00386726 0.20607880 -0.00056623 0.99999560 0.00264365 -0.02833583 0.00386799 -0.00264113 0.99998875 -0.09811102
0.99999199 0.00062170 -0.00373771 0.20725705 -0.00061274 0.99999614 0.00263458 -0.02850504 0.00373926 -0.00263240 0.99998950 -0.09941987
0.99999300 0.00064472 -0.00365873 0.20842065 -0.00063623 0.99999584 0.00262953 -0.02865734 0.00365970 -0.00262708 0.99998928 -0.10092747
0.99999361 0.00065703 -0.00347940 0.20970363 -0.00064763 0.99999568 0.00265159 -0.02885581 0.00348057 -0.00264913 0.99999001 -0.10214590
0.99999331 0.00066242 -0.00337903 0.21098660 -0.00065401 0.99999556 0.00259251 -0.02905429 0.00338043 -0.00259017 0.99999067 -0.10336433
0.99999367 0.00067037 -0.00325751 0.21214287 -0.00066208 0.99999647 0.00254109 -0.02919814 0.00325795 -0.00253936 0.99999142 -0.10497130
