1.00000000 -0.00000000 -0.00000000 0.00000000 0.00000000 1.00000000 0.00000000 0.00000000 0.00000000 0.00000000 1.00000000 0.00000000
0.99994296 0.00247927 -0.01032011 -0.01622367 -0.00236844 0.99993867 0.01076369 0.83390286 0.01034660 -0.01073790 0.99988910 0.02768985
0.99957706 0.00241274 -0.02895240 -0.02801720 -0.00173274 0.99972222 0.02347567 1.65756531 0.02900144 -0.02341481 0.99930534 0.04990452
0.99953521 0.00325405 -0.03030630 -0.03483265 -0.00216486 0.99935291 0.03588763 2.47849737 0.03040408 -0.03580506 0.99889622 0.05507044
0.99961475 0.00484543 -0.02731045 -0.03943827 -0.00344162 0.99868113 0.05121851 3.29650110 0.02752278 -0.05110496 0.99831420 0.06682203
0.99924424 0.00724516 -0.03819376 -0.04713290 -0.00510198 0.99842237 0.05590832 4.11002815 0.03853895 -0.05567031 0.99770502 0.05311148
0.99898490 0.00672590 -0.04454250 -0.05030399 -0.00469904 0.99895526 0.04544409 4.91550491 0.04480182 -0.04518816 0.99797311 0.01655907
0.99929483 0.00787420 -0.03669669 -0.05300623 -0.00693857 0.99964888 0.02553823 5.70941959 0.03688495 -0.02526569 0.99900023 -0.04418870
0.99959358 0.01185821 -0.02588811 -0.05708053 -0.01170579 0.99991283 0.00601249 6.50242269 0.02595727 -0.00570610 0.99964671 -0.09468519
0.99956280 0.01807894 -0.02336610 -0.06285743 -0.01806466 0.99983597 0.00082775 7.29061355 0.02337713 -0.00040565 0.99972726 -0.11489794
0.99945852 0.02248133 -0.02400705 -0.05992399 -0.02241015 0.99974325 0.00321144 8.06304969 0.02407371 -0.00267156 0.99970659 -0.11186280
0.99938796 0.02555950 -0.02388245 -0.03547025 -0.02537159 0.99964438 0.00811749 8.86340336 0.02408196 -0.00750678 0.99968228 -0.10304889
0.99941968 0.02768559 -0.01984608 -0.00468901 -0.02758715 0.99960546 0.00520442 9.65199333 0.01998251 -0.00465335 0.99979016 -0.11318756
0.99946404 0.03208865 -0.00642051 0.02817058 -0.03205946 0.99947480 0.00469374 10.43925821 0.00656810 -0.00448505 0.99996905 -0.12808596
0.99926080 0.03806584 0.00536486 0.06534558 -0.03812106 0.99921579 0.01069807 11.24007323 -0.00495305 -0.01089371 0.99992876 -0.14321055
0.99904670 0.04358435 0.00230997 0.10342944 -0.04362792 0.99873741 0.02487811 12.04771585 -0.00122218 -0.02495558 0.99968846 -0.13355054
0.99888813 0.04694888 -0.00415060 0.14696983 -0.04675631 0.99817580 0.03817349 12.86142245 0.00593569 -0.03793751 0.99926273 -0.13448772
0.99887505 0.04740321 -0.00040786 0.20038633 -0.04735928 0.99824724 0.03547747 13.67662085 0.00208880 -0.03541917 0.99937106 -0.16616084
0.99870487 0.04974402 0.01065267 0.25544072 -0.04988721 0.99866269 0.01354356 14.50178250 -0.00996476 -0.01405703 0.99985143 -0.22772262
0.99827241 0.05520953 0.02006653 0.30946469 -0.05494838 0.99839939 -0.01334506 15.32965585 -0.02077015 0.01221937 0.99971015 -0.29605573
0.99796069 0.06124504 0.01797315 0.36338545 -0.06083308 0.99789159 -0.02261793 16.15550779 -0.01932062 0.02147882 0.99958272 -0.32098179
0.99774765 0.06550030 0.01446253 0.41906369 -0.06532185 0.99778538 -0.01249200 17.01625490 -0.01524849 0.01151866 0.99981778 -0.27696918
0.99752600 0.06543176 0.02568880 0.48571489 -0.06544983 0.99785534 -0.00015316 17.87270633 -0.02564347 -0.00152767 0.99966980 -0.22291775
0.99710221 0.06489473 0.03968293 0.55899505 -0.06520849 0.99784922 0.00667964 18.72897244 -0.03916376 -0.00924769 0.99919028 -0.19081401
0.99757989 0.06196261 0.03152061 0.63375508 -0.06241097 0.99795935 0.01343600 19.59387259 -0.03062397 -0.01537104 0.99941325 -0.17542444
0.99837026 0.05416889 0.01793051 0.70544720 -0.05448205 0.99836078 0.01749239 20.46050339 -0.01695341 -0.01844030 0.99968636 -0.15820601
0.99795582 0.04729892 0.04296612 0.77819040 -0.04824322 0.99861008 0.02121480 21.31978089 -0.04190229 -0.02324437 0.99885204 -0.14260428
0.99660500 0.04515059 0.06884341 0.83895079 -0.04670627 0.99868459 0.02115158 22.18022836 -0.06779741 -0.02429545 0.99740370 -0.14213057
0.99648370 0.04549030 0.07035893 0.88747928 -0.04687137 0.99873650 0.01810725 23.03614623 -0.06944579 -0.02134140 0.99735820 -0.12637185
0.99687270 0.04120548 0.06743029 0.94491747 -0.04201586 0.99906009 0.01064343 23.89283635 -0.06692888 -0.01344360 0.99766762 -0.12890166
0.99661949 0.03555649 0.07405884 1.00418677 -0.03593750 0.99934681 0.00381775 24.73191432 -0.07387439 -0.00646641 0.99724626 -0.14002024
0.99556098 0.03218290 0.08843997 1.04065747 -0.03241561 0.99947327 0.00119143 25.56955761 -0.08835473 -0.00405285 0.99608130 -0.14859849
0.99552350 0.03076197 0.08936536 1.06953011 -0.03090491 0.99952152 0.00021957 26.39885125 -0.08931647 -0.00298034 0.99599868 -0.14658890
0.99699264 0.02630943 0.07288151 1.09536277 -0.02597526 0.99964698 -0.00553115 27.21997193 -0.07300150 0.00362178 0.99732522 -0.13456495
0.99837989 0.02002266 0.05325575 1.11568951 -0.01901129 0.99963000 -0.01943310 28.03394845 -0.05362478 0.01838894 0.99839257 -0.13846653
0.99812720 0.01512592 0.05925688 1.12991938 -0.01322393 0.99938788 -0.03236129 28.83969633 -0.05970995 0.03151772 0.99771833 -0.13342035
0.99835931 0.01285063 0.05578914 1.13494431 -0.01092708 0.99933973 -0.03464225 29.63869848 -0.05619742 0.03397597 0.99784217 -0.10767474
0.99915532 0.01163759 0.03940471 1.13358261 -0.01059928 0.99959261 -0.02647847 30.43417027 -0.03969628 0.02603863 0.99887303 -0.06354278
0.99922076 0.00983714 0.03820755 1.13335464 -0.00955159 0.99992485 -0.00766150 31.23303125 -0.03827917 0.00729072 0.99924036 -0.00769237
0.99965857 0.00579412 0.02546351 1.13513953 -0.00602888 0.99993950 0.00916344 32.01996471 -0.02540812 -0.00931410 0.99963443 0.03561720
0.99999544 0.00115401 -0.00266409 1.12995510 -0.00109063 0.99972691 0.02332254 32.80774907 0.00269032 -0.02331944 0.99972503 0.07283825
0.99975568 -0.00843650 -0.02039940 1.13755185 0.00880934 0.99979350 0.01827338 33.58370371 0.02024179 -0.01844850 0.99962466 0.05615175
0.99982471 -0.01414357 -0.01219530 1.13749430 0.01415359 0.99989873 0.00071983 34.34705259 0.01218403 -0.00089210 0.99992558 0.01976641
0.99963006 -0.01764654 -0.02066758 1.12556753 0.01708974 0.99949357 -0.02682958 35.10064352 0.02113090 0.02646664 0.99942644 -0.02586478
0.99924766 -0.01607789 -0.03528618 1.09902005 0.01469640 0.99912794 -0.03906999 35.85097296 0.03588444 0.03852252 0.99861310 -0.05312444
0.99924884 -0.01341848 -0.03633110 1.07771205 0.01251286 0.99960709 -0.02504682 36.59943536 0.03665408 0.02457372 0.99902597 -0.04795974
0.99887849 -0.00888726 -0.04649519 1.05570904 0.00917444 0.99994003 0.00594644 37.34424582 0.04644023 -0.00636625 0.99890113 -0.00817555
0.99892485 -0.00265894 -0.04626884 1.03328813 0.00374225 0.99971977 0.02334116 38.07613300 0.04619368 -0.02348979 0.99865622 0.02332961
0.99975326 0.00290820 -0.02197768 1.02809558 -0.00273216 0.99996390 0.00803584 38.79303349 0.02200077 -0.00797435 0.99972637 0.00257855
0.99986628 0.00417349 -0.01579183 1.03226196 -0.00449495 0.99978092 -0.02042810 39.48947185 0.01570379 0.02049681 0.99966659 -0.04953598
0.99947654 0.00808325 -0.03129349 1.02608698 -0.00909528 0.99943518 -0.03234426 40.16917641 0.03101446 0.03261201 0.99898732 -0.07684895
0.99942907 0.01187690 -0.03161406 1.03644049 -0.01296827 0.99931767 -0.03456428 40.87120521 0.03118233 0.03495472 0.99890291 -0.06744292
0.99989131 0.01324572 0.00645296 1.06013806 -0.01296241 0.99903073 -0.04204951 41.53938831 -0.00700296 0.04196090 0.99909470 -0.06078049
0.99828740 0.01762267 0.05576965 1.09139475 -0.01487716 0.99867512 -0.04925874 42.19170163 -0.05656308 0.04834482 0.99722828 -0.03903995
0.99753080 0.02584620 0.06529334 1.11755989 -0.02184113 0.99787866 -0.06131374 42.82427762 -0.06673990 0.05973607 0.99598096 -0.02694585
0.99932420 0.02856977 0.02311871 1.14217695 -0.02680658 0.99694857 -0.07330684 43.43503464 -0.02514262 0.07263813 0.99704161 0.00255206
0.99954599 0.02604484 -0.01514012 1.16179832 -0.02701612 0.99732345 -0.06793202 44.03064996 0.01333080 0.06831008 0.99757528 0.06917385
0.99963543 0.02592209 -0.00746555 1.17807926 -0.02627262 0.99833180 -0.05140985 44.61196195 0.00612145 0.05158809 0.99864978 0.14124139
0.99969135 0.02174904 0.01196919 1.21701654 -0.02125923 0.99899150 -0.03953655 45.17726829 -0.01281676 0.03926965 0.99914689 0.18649972
0.99907987 0.02107333 0.03735812 1.25131743 -0.02001591 0.99939428 -0.02844731 45.72255497 -0.03793500 0.02767454 0.99889753 0.21996790
0.99736640 0.02765248 0.06704784 1.27238404 -0.02690925 0.99956630 -0.01196602 46.25650502 -0.06734893 0.01012973 0.99767810 0.25432740
0.99710957 0.03736430 0.06615727 1.27724816 -0.03722238 0.99930052 -0.00337737 46.78256144 -0.06623701 0.00090505 0.99780422 0.30128422
0.99897446 0.04103084 0.01909486 1.27793883 -0.04074435 0.99905362 -0.01516517 47.28360102 -0.01969948 0.01437198 0.99970271 0.33817777
0.99915355 0.03865917 -0.01402925 1.27755064 -0.03909773 0.99870706 -0.03247680 47.77709382 0.01275589 0.03299857 0.99937414 0.37387881
0.99917438 0.03669170 -0.01743192 1.28183749 -0.03739861 0.99840975 -0.04217744 48.26475671 0.01585733 0.04279483 0.99895800 0.40570605
0.99914284 0.03815598 0.01604455 1.30279060 -0.03731909 0.99807396 -0.04954744 48.73944774 -0.01790344 0.04890650 0.99864267 0.41682123
0.99745214 0.04126148 0.05818479 1.34032556 -0.03821937 0.99789103 -0.05246306 49.20746239 -0.06022678 0.05010558 0.99692627 0.40534221
0.99565230 0.05009910 0.07852389 1.36638966 -0.04628360 0.99769126 -0.04968981 49.66624967 -0.08083222 0.04583961 0.99567308 0.41596965
0.99668318 0.06088303 0.05400089 1.36941560 -0.05861172 0.99736669 -0.04269492 50.10980634 -0.05645812 0.03938867 0.99762803 0.47661479
0.99744214 0.06886185 0.01912407 1.35679014 -0.06811204 0.99697499 -0.03742486 50.53996752 -0.02164322 0.03602708 0.99911672 0.55999366
0.99735216 0.07150855 -0.01318927 1.35221058 -0.07191167 0.99685852 -0.03316233 50.96679957 0.01077582 0.03402374 0.99936356 0.63251733
0.99752110 0.06906539 -0.01345196 1.40975900 -0.06946401 0.99707601 -0.03183361 51.39618595 0.01121496 0.03268888 0.99940250 0.65263716
0.99732932 0.07099801 0.01709712 1.48118739 -0.07038217 0.99693093 -0.03425728 51.81583916 -0.01947678 0.03296245 0.99926675 0.63531659
0.99600341 0.07661612 0.04589670 1.55798079 -0.07472849 0.99633951 -0.04151071 52.23360125 -0.04890902 0.03791511 0.99808396 0.59412041
0.99488110 0.08645976 0.05229251 1.62040288 -0.08416838 0.99545460 -0.04454077 52.64794211 -0.05590560 0.03991189 0.99763821 0.57069641
0.99465220 0.09652806 0.03672419 1.66839276 -0.09496008 0.99458237 -0.04227907 53.05289265 -0.04060663 0.03856634 0.99843039 0.57593201
0.99460795 0.10349167 0.00664736 1.71138428 -0.10321568 0.99409947 -0.03334544 53.46145101 -0.01005914 0.03247956 0.99942208 0.60100631
0.99411366 0.10762516 -0.01242641 1.75791047 -0.10790545 0.99385568 -0.02461410 53.86418900 0.00970125 0.02581004 0.99961981 0.61892664
0.99411024 0.10825023 -0.00511299 1.82843954 -0.10832880 0.99392928 -0.01920978 54.26854516 0.00300313 0.01965069 0.99980301 0.62605597
0.99373704 0.10979151 0.02076687 1.91728037 -0.10951471 0.99388542 -0.01405793 54.67017067 -0.02218269 0.01169615 0.99968566 0.61669594
0.99241264 0.11637944 0.03963961 2.00216533 -0.11618496 0.99320140 -0.00718263 55.06771910 -0.04020533 0.00252270 0.99918884 0.61479962
0.99147853 0.12427681 0.03905231 2.07066459 -0.12428212 0.99224356 -0.00228816 55.47204491 -0.03903333 -0.00258451 0.99923438 0.62815864
0.99122056 0.12883216 0.02971635 2.13599931 -0.12886191 0.99166220 -0.00093066 55.87862393 -0.02958856 -0.00290619 0.99955839 0.64352979
0.99086912 0.13418343 0.01308789 2.19692342 -0.13424173 0.99094121 0.00367652 56.29837336 -0.01247645 -0.00539898 0.99990740 0.65686908
0.99054633 0.13717702 -0.00002263 2.26602052 -0.13717090 0.99050679 0.00891131 56.72778899 0.00124510 -0.00882319 0.99996013 0.66819995
0.99031721 0.13871262 0.00546770 2.34929733 -0.13875570 0.99028919 0.00855264 57.16136430 -0.00422838 -0.00922900 0.99994887 0.66705883
0.98969546 0.14219361 0.01681653 2.44063632 -0.14217029 0.98983813 -0.00256299 57.59895074 -0.01701011 0.00014533 0.99985523 0.64926140
0.98856633 0.14858847 0.02564730 2.52963495 -0.14809345 0.98876576 -0.02024895 58.04422546 -0.02836728 0.01621965 0.99946616 0.63033357
0.98766410 0.15531527 0.01989725 2.61588727 -0.15462389 0.98743671 -0.03255842 58.49915685 -0.02470399 0.02908123 0.99927244 0.62903404
0.98709273 0.15962645 0.01294871 2.70711429 -0.15901654 0.98649861 -0.03916255 58.95894466 -0.01902537 0.03659782 0.99914923 0.62403451
0.98623774 0.16413024 0.01989900 2.80343043 -0.16333238 0.98588864 -0.03668379 59.42582514 -0.02563859 0.03292950 0.99912897 0.62345981
0.98528465 0.16769948 0.03300882 2.90962659 -0.16695328 0.98566688 -0.02420911 59.91629899 -0.03659609 0.01834299 0.99916222 0.63859716
0.98417773 0.17192834 0.04282561 3.01235974 -0.17206988 0.98508447 -0.00037600 60.40326368 -0.04225116 -0.00699904 0.99908254 0.68690220
0.98383453 0.17311357 0.04582885 3.11740122 -0.17438702 0.98434922 0.02540132 60.89678798 -0.04071338 -0.03298243 0.99862616 0.74990778
0.98456935 0.17002943 0.04138618 3.22449592 -0.17171282 0.98428511 0.04119718 61.38906527 -0.03373144 -0.04766711 0.99829427 0.80265678
0.98570785 0.16426964 0.03735121 3.33747982 -0.16585267 0.98516056 0.04416303 61.87553944 -0.02954230 -0.04972679 0.99832617 0.82250165
0.98648083 0.15842725 0.04189914 3.45388101 -0.15989739 0.98653306 0.03441759 62.36198474 -0.03588241 -0.04065165 0.99852902 0.81040999
0.98639637 0.15524522 0.05404206 3.56731777 -0.15648411 0.98748846 0.01946580 62.84263680 -0.05034401 -0.02765786 0.99834956 0.77793074
0.98554978 0.15577067 0.06653541 3.67007141 -0.15664179 0.98762210 0.00804743 63.31809074 -0.06445837 -0.01835340 0.99775150 0.74401040
0.98516291 0.15848924 0.06583201 3.76061871 -0.15914065 0.98724425 0.00475581 63.79381824 -0.06423840 -0.01516211 0.99781938 0.73333952
0.98619712 0.15748867 0.05110535 3.84400762 -0.15801585 0.98741502 0.00641647 64.25185634 -0.04945158 -0.01440293 0.99867263 0.74081847
0.98709120 0.15424775 0.04309963 3.90006628 -0.15465360 0.98794848 0.00623788 64.68580963 -0.04161793 -0.01282269 0.99905131 0.74872014
0.98767211 0.15023243 0.04396366 3.95920939 -0.15040907 0.98862335 0.00072268 65.10399472 -0.04335476 -0.00732690 0.99903351 0.75109538
0.98801312 0.14626607 0.04935533 4.02392676 -0.14628407 0.98923714 -0.00327741 65.51637899 -0.04930289 -0.00398085 0.99877654 0.74848858
0.98816070 0.14314918 0.05518811 4.08792395 -0.14308498 0.98969701 -0.00512951 65.92750530 -0.05535328 -0.00282761 0.99846282 0.73700092
0.98766725 0.14185431 0.06625502 4.14304056 -0.14173857 0.98988255 -0.00645031 66.32579713 -0.06650005 -0.00302032 0.99778217 0.73103270
0.98814390 0.14015298 0.06267015 4.19176825 -0.13987819 0.99012948 -0.00876385 66.72098186 -0.06327958 -0.00010636 0.99799620 0.73038615
0.98957294 0.13550511 0.04882162 4.23779537 -0.13509342 0.99076402 -0.01163661 67.10949004 -0.04994719 0.00492016 0.99873989 0.73911900
0.99068466 0.12921166 0.04298432 4.28251978 -0.12869170 0.99157640 -0.01465682 67.48987225 -0.04451660 0.00898909 0.99896795 0.75596366
0.99148905 0.12151609 0.04671974 4.33018894 -0.12068860 0.99248508 -0.02014933 67.86287694 -0.04881629 0.01433980 0.99870515 0.76099845
0.99221241 0.11368932 0.05088495 4.37725576 -0.11246831 0.99330859 -0.02624229 68.23270521 -0.05352774 0.02031435 0.99835996 0.74998120
0.99306765 0.10426702 0.05426102 4.41794973 -0.10293144 0.99432528 -0.02685498 68.60055078 -0.05675267 0.02108343 0.99816621 0.74762156
0.99368182 0.09246464 0.06361472 4.45573302 -0.09146946 0.99563800 -0.01837851 68.95724794 -0.06503585 0.01244356 0.99780533 0.76506363
0.99460982 0.08001885 0.06593825 4.48527311 -0.07984855 0.99679325 -0.00520451 69.30441115 -0.06614272 -0.00008901 0.99781067 0.79968448
0.99628775 0.06594987 0.05532933 4.50478468 -0.06632451 0.99778545 0.00496192 69.63603687 -0.05487999 -0.00861313 0.99845612 0.84072817
0.99784611 0.04819679 0.04448856 4.51859766 -0.04877364 0.99873740 0.01198753 69.95185969 -0.04385501 -0.01413159 0.99893845 0.87712203
0.99835878 0.02847916 0.04967060 4.53330323 -0.02936863 0.99941845 0.01728077 70.25671589 -0.04914922 -0.01871114 0.99861673 0.90505219
0.99816240 0.00837812 0.06000257 4.54907832 -0.00971048 0.99971161 0.02195290 70.54883790 -0.05980024 -0.02249435 0.99795730 0.92269599
0.99710468 -0.01205700 0.07507147 4.56278730 0.01013820 0.99961277 0.02590556 70.82937025 -0.07535471 -0.02506907 0.99684151 0.93178708
0.99630628 -0.03088990 0.08011581 4.56449345 0.02878267 0.99921155 0.02733246 71.09458540 -0.08089683 -0.02492527 0.99641137 0.93308023
0.99582770 -0.05236935 0.07472271 4.55790672 0.05037709 0.99832935 0.02829939 71.34611968 -0.07607932 -0.02441722 0.99680271 0.93723495
0.99499615 -0.07669238 0.06402882 4.54696810 0.07481680 0.99670818 0.03120661 71.57543825 -0.06621063 -0.02626034 0.99746063 0.93304283
0.99375660 -0.10110310 0.04717379 4.52519052 0.09966749 0.99450984 0.03186044 71.79045566 -0.05013629 -0.02696059 0.99837911 0.93254990
0.99171174 -0.12599844 0.02514223 4.49500046 0.12524275 0.99168194 0.02966228 71.99482689 -0.02866981 -0.02626792 0.99924449 0.93635911
0.98819069 -0.15261146 0.01375831 4.46335733 0.15220086 0.98797605 0.02714457 72.19230645 -0.01773596 -0.02473014 0.99953709 0.93722375
0.98323088 -0.18163181 0.01633991 4.43773133 0.18121142 0.98314325 0.02432895 72.38383583 -0.02048324 -0.02095931 0.99957088 0.92751931
0.97707583 -0.21148781 0.02440221 4.41393405 0.21099270 0.97725405 0.02135904 72.57109069 -0.02836493 -0.01572013 0.99947443 0.91070972
0.97003799 -0.24091992 0.03135945 4.38577064 0.24038935 0.97047426 0.01978074 72.74856362 -0.03519884 -0.01164929 0.99931312 0.89741083
0.96255998 -0.26890434 0.03417562 4.35096971 0.26839425 0.96312427 0.01882863 72.91380200 -0.03797820 -0.00895079 0.99923876 0.89176170
0.95412914 -0.29784805 0.03036575 4.31044353 0.29738178 0.95456921 0.01898662 73.06947579 -0.03464079 -0.00908576 0.99935830 0.89148659
0.94554654 -0.32523081 0.01286293 4.25553706 0.32496082 0.94552781 0.01941942 73.20622378 -0.01847811 -0.01418190 0.99972880 0.89900017
0.93717792 -0.34884900 -0.00110423 4.15021901 0.34879873 0.93697796 0.02028295 73.26509784 -0.00604121 -0.01939348 0.99979437 0.90758833
0.92829404 -0.37178143 -0.00690743 4.04815648 0.37184403 0.92808277 0.01985829 73.31269086 -0.00097191 -0.02100338 0.99977896 0.91029266
0.91857713 -0.39508924 -0.01094488 3.95485777 0.39522157 0.91845577 0.01542678 73.35044202 0.00395810 -0.01849611 0.99982123 0.90824797
0.90917223 -0.41634977 -0.00757385 3.86485175 0.41641232 0.90910869 0.01102597 73.37548453 0.00229572 -0.01317815 0.99991062 0.89902196
0.90018705 -0.43549876 -0.00186278 3.78062978 0.43549707 0.90014182 0.00930201 73.39041119 -0.00237430 -0.00918454 0.99995493 0.89332556
0.89107880 -0.45383529 -0.00337797 3.69708713 0.45384543 0.89102025 0.01030490 73.39214918 -0.00166606 -0.01071532 0.99994106 0.89972906
0.88335190 -0.46857048 -0.01141135 3.60634839 0.46869082 0.88327460 0.01244922 73.38197115 0.00424609 -0.01634580 0.99985778 0.91270615
0.87743267 -0.47911890 -0.02359034 3.50459201 0.47945566 0.87749332 0.01129236 73.35931687 0.01529110 -0.02121893 0.99965855 0.92159354
0.87135487 -0.48923609 -0.03724873 3.39979291 0.48970893 0.87187520 0.00421697 73.33386396 0.03041366 -0.02191533 0.99929776 0.91836055
0.86262545 -0.50363733 -0.04717488 3.30186540 0.50395328 0.86371106 -0.00580937 73.31476306 0.04367120 -0.01876318 0.99887005 0.90323624
0.85007834 -0.52427919 -0.04996668 3.27350195 0.52427213 0.85142995 -0.01429099 73.33321908 0.05003574 -0.01404792 0.99864897 0.85830262
0.83616682 -0.54660652 -0.04522561 3.24773008 0.54634769 0.83734264 -0.01900623 73.36585914 0.04825863 -0.00881607 0.99879636 0.81247266
0.82219113 -0.56840526 -0.03026086 3.21703225 0.56819753 0.82273734 -0.01590847 73.41360069 0.03393930 -0.00411438 0.99941589 0.76232622
0.80828552 -0.58870570 -0.00996565 3.18067735 0.58871847 0.80833507 -0.00189042 73.47138860 0.00916875 -0.00433910 0.99994906 0.71620604
0.79359255 -0.60840302 0.00745308 3.13544920 0.60818148 0.79354780 0.01990534 73.53535100 -0.01802442 -0.01126470 0.99977454 0.68060588
0.77709990 -0.62909669 0.01878607 3.08485688 0.62805145 0.77705296 0.04170119 73.60087187 -0.04083180 -0.02060746 0.99895340 0.65545393
0.75664136 -0.65345641 0.02206541 3.03370670 0.65177805 0.75650886 0.05365007 73.66660375 -0.05174996 -0.02621216 0.99831641 0.63085323
0.73386607 -0.67897005 0.02095642 2.97549106 0.67752716 0.73383241 0.04946098 73.72340005 -0.04896004 -0.02209968 0.99855671 0.59700360
0.71100430 -0.70294101 0.01858968 2.90408252 0.70222692 0.71116623 0.03344415 73.76791606 -0.03672934 -0.01072453 0.99926850 0.55832114
0.68927278 -0.72442063 0.01081879 2.82534494 0.72431513 0.68935797 0.01238392 73.79740512 -0.01642899 -0.00069891 0.99986494 0.53381310
0.66846999 -0.74373730 0.00133802 2.72597536 0.74373326 0.66845767 -0.00486017 73.79647978 0.00272071 0.00424398 0.99998780 0.56792642
0.64716042 -0.76235132 -0.00159542 2.62261957 0.76230786 0.64714389 -0.00954675 73.79911436 0.00831061 0.00496120 0.99995374 0.61923996
0.62464472 -0.78090540 0.00207773 2.51631153 0.78090810 0.62464213 -0.00188715 73.81288287 0.00017626 0.00280053 0.99999618 0.64879323
0.59997264 -0.80001881 0.00142688 2.40245561 0.80001082 0.59997325 0.00364621 73.83401942 -0.00377297 -0.00104689 0.99999296 0.66667865
0.57189393 -0.82030138 -0.00653970 2.27915264 0.82032647 0.57186582 0.00571407 73.85341284 -0.00094687 -0.00863314 0.99996278 0.69054130
0.54257554 -0.83976141 -0.02031843 2.15882989 0.83998907 0.54256169 0.00665851 73.86123441 0.00543218 -0.02067999 0.99977129 0.73009865
0.51700033 -0.85521159 -0.03637089 2.04131193 0.85574273 0.51739795 -0.00181089 73.84875539 0.02036731 -0.03018837 0.99933678 0.80284579
0.49640849 -0.86703983 -0.04265455 1.94113290 0.86743606 0.49734130 -0.01435107 73.81764971 0.03365787 -0.02987585 0.99898704 0.85732863
0.47926245 -0.87693505 -0.03594274 1.86523644 0.87698459 0.48010592 -0.01990634 73.77614243 0.03471297 -0.02198077 0.99915622 0.88760851
0.46605714 -0.88448716 -0.02172425 1.81297372 0.88439130 0.46642826 -0.01720378 73.72882618 0.02534997 -0.01119546 0.99961625 0.90484451
0.45807639 -0.88888249 -0.00731248 1.82041031 0.88882603 0.45813069 -0.01017617 73.69728383 0.01239539 -0.00183806 0.99992132 0.85978556
0.45513949 -0.89041726 0.00231948 1.83786650 0.89042015 0.45513649 -0.00159005 73.65285209 0.00036027 0.00278818 0.99999678 0.81770857
0.45495139 -0.89050575 0.00421627 1.86946486 0.89049725 0.45496651 0.00432313 73.59369543 -0.00576678 0.00178725 0.99998157 0.78744580
0.45530641 -0.89033167 0.00225144 1.91379955 0.89031252 0.45531137 0.00586454 73.52260116 -0.00624652 -0.00066619 0.99998081 0.76459191
0.45434290 -0.89082034 0.00319693 1.95742055 0.89081611 0.45435174 0.00322468 73.45038277 -0.00432447 0.00138294 0.99998952 0.73518747
0.45370176 -0.89113644 0.00550449 1.99628964 0.89115309 0.45368913 -0.00339278 73.37868079 0.00052621 0.00644486 0.99997930 0.70238803
0.45436889 -0.89079160 0.00623843 2.03424929 0.89080755 0.45432926 -0.00676096 73.30757865 0.00318840 0.00862876 0.99995755 0.67528426
0.45386447 -0.89105131 0.00582494 2.07418855 0.89106787 0.45383767 -0.00532639 73.23982704 0.00210339 0.00760850 0.99996883 0.65105061
0.45313876 -0.89142451 0.00515249 2.11336443 0.89143951 0.45312521 -0.00369364 73.17397870 0.00095782 0.00626671 0.99998054 0.62651170
0.45347339 -0.89125617 0.00480370 2.15005444 0.89126936 0.45346565 -0.00255165 73.11197699 0.00009642 0.00543900 0.99998585 0.60302194
0.45317831 -0.89140744 0.00459551 2.15532974 0.89141954 0.45317450 -0.00185120 73.12530947 -0.00043181 0.00493531 0.99998755 0.59993715
0.45229441 -0.89185911 0.00414500 2.16052782 0.89186802 0.45228736 -0.00254174 73.13506312 0.00039261 0.00484630 0.99998833 0.59683222
0.45194182 -0.89204121 0.00329106 2.16620776 0.89204567 0.45192950 -0.00362985 73.14386090 0.00175132 0.00457584 0.99998809 0.59395026
0.45203296 -0.89200074 0.00062340 2.17632481 0.89199176 0.45202492 -0.00492541 73.15002705 0.00411185 0.00278171 0.99998792 0.59372520
0.45300640 -0.89149877 -0.00382045 2.19402155 0.89147914 0.45302227 -0.00586319 73.15107152 0.00695828 -0.00074982 0.99997548 0.59681329
0.45448229 -0.89072103 -0.00779033 2.21915968 0.89070609 0.45453224 -0.00649521 73.14751481 0.00932654 -0.00398713 0.99994906 0.59905702
0.45557265 -0.89014454 -0.00982527 2.24685647 0.89012229 0.45564972 -0.00807228 73.14321889 0.01166311 -0.00506852 0.99991944 0.59624771
0.45608834 -0.88987232 -0.01045287 2.27521806 0.88982279 0.45618575 -0.01045494 73.13950755 0.01407316 -0.00453255 0.99989071 0.59078533
0.45643406 -0.88967542 -0.01206068 2.30389122 0.88959926 0.45656673 -0.01266415 73.13490684 0.01677392 -0.00494853 0.99984740 0.58737047
0.45661502 -0.88950745 -0.01667688 2.33575364 0.88943306 0.45684307 -0.01424813 73.12918636 0.02029278 -0.00832718 0.99976002 0.58852319
0.45596224 -0.88970189 -0.02300469 2.37179873 0.88967450 0.45634094 -0.01518059 73.12797488 0.02400417 -0.01354534 0.99962022 0.58485094
0.45437196 -0.89032661 -0.02938418 2.41374749 0.89037498 0.45493506 -0.01632716 73.12173366 0.02790399 -0.01874395 0.99943521 0.57928543
0.45215049 -0.89127521 -0.03446716 2.46103463 0.89136137 0.45291213 -0.01857997 73.11275013 0.03217114 -0.02232213 0.99923306 0.56960618
0.44982421 -0.89233260 -0.03741078 2.51073179 0.89238044 0.45075903 -0.02173578 73.10202896 0.03625897 -0.02360795 0.99906395 0.55528851
0.44746302 -0.89350768 -0.03767547 2.55910903 0.89346406 0.44847022 -0.02440024 73.09244356 0.03869797 -0.02274404 0.99899193 0.53757344
0.44455841 -0.89500111 -0.03660530 2.60638149 0.89490576 0.44554210 -0.02520324 73.08577800 0.03886732 -0.02155409 0.99901183 0.52002228
0.44123541 -0.89666969 -0.03597029 2.65471193 0.89657387 0.44218929 -0.02495979 73.08162874 0.03828631 -0.02123709 0.99904127 0.50412273
0.43772381 -0.89838992 -0.03596683 2.70429000 0.89837691 0.43863089 -0.02281962 73.07712408 0.03627673 -0.02232390 0.99909266 0.49114493
0.43428336 -0.90009939 -0.03490857 2.75173638 0.90017404 0.43508347 -0.01971144 73.07577222 0.03293006 -0.02286385 0.99919647 0.47965819
0.43068197 -0.90192139 -0.03241450 2.79367289 0.90203396 0.43133786 -0.01677274 73.08051086 0.02910979 -0.02201577 0.99933448 0.46909862
0.42671809 -0.90390379 -0.02946880 2.82749359 0.90404397 0.42722496 -0.01353482 73.09241341 0.02482460 -0.02086542 0.99947430 0.47560314
0.42317497 -0.90563029 -0.02750469 2.85651423 0.90580671 0.42356690 -0.01017644 73.10407251 0.02086645 -0.02060728 0.99956985 0.48450738
0.42042820 -0.90692150 -0.02705816 2.88267142 0.90714439 0.42075245 -0.00742835 73.11532123 0.01812282 -0.02142294 0.99960689 0.49473515
0.41823385 -0.90795077 -0.02655470 2.90698686 0.90819379 0.41851088 -0.00563446 73.12686189 0.01622994 -0.02176040 0.99963124 0.50392121
0.41635884 -0.90884924 -0.02524746 2.92931707 0.90907191 0.41660542 -0.00522023 73.13995249 0.01526378 -0.02077898 0.99966829 0.51083868
0.41425119 -0.90990273 -0.02173675 2.94878760 0.91008543 0.41440755 -0.00306280 73.15483634 0.01179518 -0.01851394 0.99975945 0.51532583
0.41109415 -0.91140343 -0.01855491 2.96608585 0.91154938 0.41118769 -0.00140479 73.17209959 0.00890984 -0.01633675 0.99982685 0.52048362
0.40776429 -0.91292252 -0.01729583 2.98351532 0.91304947 0.40784557 -0.00126501 73.18977730 0.00820835 -0.01527664 0.99984984 0.52877062
0.40480141 -0.91425836 -0.01633424 3.00185796 0.91438023 0.40485651 -0.00008609 73.20597962 0.00669258 -0.01490122 0.99986716 0.53781508
0.40162463 -0.91568160 -0.01498335 3.02092823 0.91578937 0.40165789 0.00084108 73.22045990 0.00524801 -0.01405995 0.99988714 0.54596136
0.39774688 -0.91740325 -0.01297848 3.03700128 0.91748583 0.39776737 0.00107811 73.21053855 0.00417354 -0.01233708 0.99991519 0.56012726
0.39341198 -0.91930112 -0.01054522 3.05493746 0.91935836 0.39341714 0.00165821 73.19962575 0.00262479 -0.01034685 0.99994310 0.57373402
0.38865629 -0.92134126 -0.00870595 3.07487918 0.92138095 0.38865612 0.00179923 73.18802286 0.00172625 -0.00872111 0.99996094 0.58819635
0.38348448 -0.92351860 -0.00723800 3.09710176 0.92354566 0.38348675 0.00107194 73.17551233 0.00178640 -0.00709587 0.99997338 0.60324413
0.37787505 -0.92583838 -0.00582660 3.12185630 0.92585376 0.37788038 0.00016342 73.16179205 0.00204978 -0.00545685 0.99998364 0.61848737
0.37153316 -0.92840828 -0.00451893 3.14960444 0.92841702 0.37153870 -0.00043006 73.14746203 0.00207859 -0.00403547 0.99998999 0.63443497
0.36426641 -0.93128770 -0.00348711 3.18122732 0.93129205 0.36427129 -0.00087065 73.13350181 0.00208202 -0.00293062 0.99999391 0.64971339
0.35647978 -0.93429944 -0.00253392 3.21500611 0.93429920 0.35648446 -0.00168147 73.11970757 0.00247409 -0.00176811 0.99999584 0.66564210
0.34920541 -0.93704369 -0.00174526 3.24881037 0.93703861 0.34920975 -0.00317356 73.10583787 0.00358340 -0.00052708 0.99999343 0.68119591
0.34193515 -0.93972299 -0.00103756 3.28353558 0.93972008 0.34193604 -0.00207441 73.09165326 0.00230496 -0.00026629 0.99999717 0.69642863
0.33346728 -0.94276082 -0.00060367 3.32804649 0.94276116 0.33346701 0.00064967 73.06673454 -0.00041022 -0.00078667 1.00000030 0.70295100
0.32483927 -0.94576892 -0.00007542 3.37477291 0.94576820 0.32483893 0.00143392 73.04179745 -0.00133203 -0.00053724 0.99999966 0.70791655
0.31726867 -0.94833381 0.00172372 3.42122749 0.94833038 0.31727195 0.00253424 73.01573431 -0.00295053 0.00083027 0.99999592 0.70968996
0.30982872 -0.95078075 0.00448852 3.46781409 0.95077481 0.30984816 0.00465255 72.99010585 -0.00581491 0.00282530 0.99997907 0.70942494
0.30185779 -0.95333034 0.00650502 3.51476205 0.95331647 0.30189769 0.00668173 72.96676132 -0.00833381 0.00418418 0.99995697 0.71014758
0.29357738 -0.95590324 0.00776698 3.56287998 0.95586688 0.29364386 0.00955125 72.94463431 -0.01141018 0.00462043 0.99992480 0.71249739
0.28584040 -0.95823423 0.00903211 3.61076234 0.95814296 0.28594491 0.01404046 72.92244674 -0.01603682 0.00464036 0.99986120 0.71534964
0.27888665 -0.96026913 0.01026630 3.65708724 0.96013945 0.27902647 0.01658841 72.90065560 -0.01879386 0.00523102 0.99981013 0.71782076
0.27485533 -0.96141632 0.01146370 3.69478155 0.96133103 0.27500574 0.01460816 72.87884011 -0.01719638 0.00700513 0.99982820 0.71967961
0.27437595 -0.96153854 0.01268119 3.71953954 0.96149048 0.27453290 0.01295969 72.85726517 -0.01594255 0.00863635 0.99983549 0.72271653
0.27501660 -0.96134668 0.01330026 3.73362653 0.96130352 0.27518355 0.01298327 72.83369100 -0.01614039 0.00921477 0.99982750 0.73072869
0.27486740 -0.96140435 0.01219377 3.73806914 0.96131114 0.27503450 0.01532786 72.81742973 -0.01808980 0.00750801 0.99980851 0.74209668
0.27430766 -0.96159943 0.00901354 3.74327972 0.96139828 0.27443712 0.01990587 72.80188446 -0.02161495 0.00320484 0.99976160 0.75780928
0.27488125 -0.96146163 0.00563192 3.75297656 0.96121257 0.27493778 0.02189192 72.78222961 -0.02259650 -0.00060496 0.99974524 0.77270025
0.27538044 -0.96131838 0.00567343 3.76362996 0.96104605 0.27543680 0.02286836 72.76182330 -0.02354701 -0.00084574 0.99972285 0.78116534
0.27480444 -0.96146915 0.00765571 3.77439534 0.96120337 0.27490910 0.02262729 72.74330996 -0.02385958 0.00113986 0.99971520 0.78692641
0.27471298 -0.96148458 0.00892529 3.78615513 0.96125039 0.27484396 0.02137064 72.72286293 -0.02300003 0.00270752 0.99973232 0.79485126
0.27494146 -0.96141557 0.00930591 3.79758907 0.96119589 0.27508033 0.02080236 72.70256164 -0.02255885 0.00322483 0.99974039 0.80376783
0.27464884 -0.96150010 0.00924531 3.80819974 0.96127794 0.27478580 0.02087315 72.68423279 -0.02260990 0.00315403 0.99973925 0.81293060
0.27451993 -0.96153973 0.00892618 3.81746877 0.96130137 0.27465240 0.02156776 72.66793440 -0.02318977 0.00265937 0.99972728 0.82219987
0.27470814 -0.96148948 0.00851460 3.81300287 0.96121312 0.27483339 0.02311223 72.67492396 -0.02456204 0.00183457 0.99969697 0.82841885
0.27470207 -0.96149342 0.00830034 3.80843667 0.96118411 0.27482419 0.02440391 72.68359746 -0.02574577 0.00127381 0.99966756 0.83511659
0.27459464 -0.96152261 0.00844127 3.80437161 0.96119050 0.27472155 0.02527860 72.69196947 -0.02662382 0.00117272 0.99964461 0.84130999
0.27450665 -0.96154686 0.00855619 3.80097490 0.96120132 0.27463707 0.02579076 72.70010559 -0.02714826 0.00114460 0.99963121 0.84755387
0.27421138 -0.96163046 0.00860901 3.79807087 0.96127098 0.27434395 0.02631329 72.70862459 -0.02766614 0.00105976 0.99961729 0.85412146
0.27387349 -0.96172590 0.00863617 3.79514514 0.96135036 0.27400835 0.02690926 72.71772790 -0.02824499 0.00093237 0.99960099 0.86063427
0.27373239 -0.96176604 0.00877065 3.79169082 0.96137073 0.27387110 0.02756729 72.72747564 -0.02891502 0.00088602 0.99958130 0.86689371
0.27378029 -0.96175277 0.00860825 3.78756260 0.96133960 0.27391508 0.02820596 72.73760096 -0.02948481 0.00055274 0.99956525 0.87291295
0.27383090 -0.96173983 0.00845327 3.78292217 0.96130587 0.27396105 0.02889428 72.74831112 -0.03010412 0.00021437 0.99954733 0.87905708
0.27380246 -0.96175111 0.00814410 3.77889150 0.96129926 0.27392250 0.02948008 72.75818640 -0.03058291 -0.00024387 0.99953240 0.88571847
0.27370819 -0.96177980 0.00796145 3.77577685 0.96131739 0.27382341 0.02981351 72.76114211 -0.03085346 -0.00050682 0.99952397 0.89154743
0.27359180 -0.96181404 0.00786618 3.77383314 0.96134204 0.27370341 0.03011921 72.76354319 -0.03112196 -0.00067782 0.99951527 0.89620859
0.27338353 -0.96187194 0.00788565 3.77259516 0.96138937 0.27349550 0.03048412 72.76616079 -0.03147790 -0.00075359 0.99950453 0.90078052
0.27326343 -0.96190422 0.00810192 3.77098175 0.96141134 0.27338276 0.03079596 72.76908533 -0.03183796 -0.00062627 0.99949254 0.90450524
0.27329010 -0.96189066 0.00886902 3.76805478 0.96137712 0.27343424 0.03142850 72.77286888 -0.03265564 -0.00006315 0.99946677 0.90852450
0.27330883 -0.96188517 0.00887822 3.76542596 0.96134465 0.27345297 0.03222381 72.77701729 -0.03342282 -0.00027243 0.99944182 0.91457215
0.27323823 -0.96190738 0.00861636 3.76315738 0.96133126 0.27337185 0.03330735 72.78177473 -0.03439430 -0.00081791 0.99940797 0.91977381
0.27320207 -0.96191651 0.00866282 3.76003750 0.96131225 0.27333801 0.03411785 72.78692240 -0.03518698 -0.00099318 0.99938063 0.92447686
0.27321291 -0.96191425 0.00869610 3.75730727 0.96129803 0.27334914 0.03444185 72.79182833 -0.03550751 -0.00105045 0.99936909 0.92949190
0.27311999 -0.96194101 0.00860499 3.75462463 0.96131198 0.27325251 0.03481836 72.79660026 -0.03584421 -0.00123852 0.99935658 0.93448086
0.27277470 -0.96203801 0.00871770 3.75289144 0.96140224 0.27291181 0.03499012 72.79717733 -0.03604081 -0.00116353 0.99935000 0.93760934
0.27025731 -0.96274389 0.00922955 3.75186869 0.96209946 0.27041353 0.03520843 72.80194707 -0.03639236 -0.00063565 0.99933722 0.93967989
0.26877851 -0.96314856 0.01008582 3.74854013 0.96250705 0.26896709 0.03514193 72.80496388 -0.03655999 0.00026158 0.99933147 0.94168725
0.26955621 -0.96292098 0.01102480 3.74144310 0.96229874 0.26977809 0.03462603 72.80481407 -0.03631596 0.00127574 0.99934010 0.94372424
0.26918354 -0.96301981 0.01152806 3.73144937 0.96239759 0.26942414 0.03465670 72.80809790 -0.03648089 0.00176481 0.99933324 0.94723555
0.26693581 -0.96364183 0.01180751 3.71880396 0.96301773 0.26718849 0.03473057 72.81565370 -0.03662258 0.00210022 0.99932712 0.95011717
0.26468814 -0.96425707 0.01215109 3.70201842 0.96364873 0.26495362 0.03433377 72.82385264 -0.03632655 0.00262151 0.99933713 0.95304066
0.26257631 -0.96482785 0.01264830 3.68089244 0.96424807 0.26285964 0.03360713 72.83219501 -0.03575031 0.00337157 0.99935514 0.95627542
0.25917849 -0.96574055 0.01310735 3.65648496 0.96519719 0.25947591 0.03263412 72.84367045 -0.03491677 0.00419258 0.99938141 0.95964489
0.25381935 -0.96715857 0.01341365 3.62847284 0.96666697 0.25412352 0.03122020 72.85824746 -0.03360382 0.00504178 0.99942236 0.96293210
0.24714083 -0.96888009 0.01385239 3.59853410 0.96845222 0.24745250 0.02944320 72.86705041 -0.03195465 0.00613864 0.99947109 0.96349749
0.24031869 -0.97058737 0.01438035 3.56321649 0.97022153 0.24063740 0.02764042 72.87574704 -0.03028815 0.00730960 0.99951489 0.96429542
0.23354429 -0.97223285 0.01483822 3.52202164 0.97190456 0.23387047 0.02656106 72.88494223 -0.02929334 0.00821704 0.99953714 0.96608625
0.22537081 -0.97415206 0.01533154 3.47327284 0.97384681 0.22570948 0.02602917 72.89661527 -0.02881679 0.00906431 0.99954399 0.96811419
0.21404129 -0.97668846 0.01627020 3.41691597 0.97641408 0.21440404 0.02541375 72.91351995 -0.02830911 0.01044700 0.99954494 0.96863176
0.19873201 -0.97989846 0.01744576 3.34949490 0.97965714 0.19912618 0.02490784 72.93760841 -0.02788005 0.01214113 0.99953785 0.96712674
0.18063242 -0.98339087 0.01773593 3.26888177 0.98315560 0.18104103 0.02505014 72.96485966 -0.02784496 0.01291266 0.99952912 0.96540639
0.16178764 -0.98670666 0.01524977 3.17486955 0.98641102 0.16214797 0.02647527 72.99137574 -0.02859578 0.01075897 0.99953374 0.96713485
0.14311853 -0.98965779 0.00966490 3.07042237 0.98922738 0.14334550 0.02968512 73.01522227 -0.03076335 0.00531136 0.99951289 0.97371797
0.12219591 -0.99250375 0.00190590 2.95765269 0.99183231 0.12218244 0.03659564 73.03870768 -0.03655414 -0.00258118 0.99932858 0.98017522
0.09728044 -0.99523383 -0.00669634 2.86364796 0.99435743 0.09690420 0.04315572 73.02747260 -0.04230111 -0.01085660 0.99904597 0.98238588
0.06964020 -0.99748078 -0.01347462 2.77331612 0.99662658 0.06897978 0.04446619 73.01714120 -0.04342474 -0.01652539 0.99892068 0.98409054
0.04148711 -0.99900802 -0.01617370 2.68945537 0.99812507 0.04071054 0.04570286 73.00401406 -0.04499890 -0.01803946 0.99882409 0.98029976
0.01609579 -0.99977710 -0.01366192 2.61319832 0.99868745 0.01541062 0.04882898 72.98507132 -0.04860762 -0.01443025 0.99871431 0.96646795
-0.00549213 -0.99994874 -0.00839718 2.54495187 0.99868182 -0.00591288 0.05097416 72.95886023 -0.05102138 -0.00810724 0.99866464 0.94760768
-0.02207756 -0.99975429 -0.00167192 2.48858055 0.99865876 -0.02213165 0.04679101 72.92393626 -0.04681636 -0.00063710 0.99890364 0.93063912
-0.03907845 -0.99922397 0.00480999 2.44518022 0.99839610 -0.03884771 0.04117800 72.88920357 -0.04095861 0.00641082 0.99914014 0.91753023
-0.05780071 -0.99827864 0.00991892 2.41527714 0.99773743 -0.05742233 0.03496378 72.85767218 -0.03433310 0.01191779 0.99933950 0.90662517
-0.07251662 -0.99726698 0.01411734 2.39843325 0.99698895 -0.07209165 0.02853953 72.82248059 -0.02744389 0.01614442 0.99949361 0.89844040
-0.08012592 -0.99664353 0.01676175 2.39780742 0.99653011 -0.07971444 0.02392364 72.77787239 -0.02250734 0.01862057 0.99957340 0.89011417
-0.08314539 -0.99638004 0.01767620 2.43798793 0.99630594 -0.08273159 0.02300538 72.71238513 -0.02145937 0.01952378 0.99957924 0.88251274
-0.08536380 -0.99619221 0.01770623 2.48633402 0.99607408 -0.08490946 0.02501653 72.65375395 -0.02341785 0.01977135 0.99953029 0.87613494
-0.08726056 -0.99601890 0.01822584 2.54189501 0.99582014 -0.08671850 0.02866785 72.59687119 -0.02697305 0.02065106 0.99942309 0.86800392
-0.08764376 -0.99595329 0.01987210 2.60185443 0.99570446 -0.08699064 0.03169125 72.53678153 -0.02983489 0.02256356 0.99930001 0.85773084
-0.08717883 -0.99595091 0.02193807 2.66369685 0.99571720 -0.08643707 0.03277247 72.47335093 -0.03074288 0.02470109 0.99922220 0.84746108
-0.08756249 -0.99588028 0.02352863 2.72220306 0.99569583 -0.08677820 0.03253905 72.41218725 -0.03036272 0.02627671 0.99919354 0.83891564
-0.08900299 -0.99573329 0.02433267 2.77888806 0.99559685 -0.08821682 0.03168143 72.35086363 -0.02939916 0.02704419 0.99920245 0.83175283
-0.09074591 -0.99556387 0.02483359 2.83211130 0.99546306 -0.08996499 0.03096981 72.28921811 -0.02859772 0.02753080 0.99921254 0.82501518
-0.09295377 -0.99534741 0.02534062 2.88109222 0.99526075 -0.09215629 0.03101997 72.22840234 -0.02854074 0.02810356 0.99919794 0.81816339
-0.09644179 -0.99499621 0.02608344 2.92227519 0.99491121 -0.09559992 0.03179412 72.17286361 -0.02914112 0.02901684 0.99915413 0.81101976
-0.10127136 -0.99449257 0.02696488 2.88671228 0.99440955 -0.10037454 0.03277608 72.19583178 -0.02988806 0.03013263 0.99909886 0.82601993
-0.10691300 -0.99388041 0.02777043 2.84563405 0.99381868 -0.10598332 0.03305016 72.22102181 -0.02990543 0.03113181 0.99906782 0.84128856
