1.00000000 -0.00000000 0.00000000 0.00000000 0.00000000 1.00000000 0.00000000 0.00000000 -0.00000000 0.00000000 1.00000000 0.00000000
0.99998929 0.00329192 0.00319294 0.02802619 -0.00328910 0.99999371 -0.00080155 0.22556150 -0.00319609 0.00079112 0.99999463 -0.13809889
0.99996347 0.00827565 -0.00225545 -2.06741825 -0.00827700 0.99996549 -0.00037894 0.72729343 0.00225105 0.00039774 0.99999710 -2.27695495
0.99987747 0.01087270 -0.01126494 -2.08493129 -0.01085787 0.99994009 0.00139063 0.94882306 0.01127832 -0.00126770 0.99993552 -2.21843257
0.99983934 0.00998383 -0.01489741 -2.09741807 -0.00993665 0.99994477 0.00319979 1.17578636 0.01492699 -0.00305087 0.99988411 -2.16399732
0.99987704 0.00902035 -0.01284956 -2.10683086 -0.00896521 0.99994978 0.00437103 1.40389042 0.01288732 -0.00425545 0.99990799 -2.11244173
0.99990732 0.00930744 -0.00994653 -2.11291932 -0.00926088 0.99994585 0.00469704 1.63340523 0.00998930 -0.00460384 0.99993983 -2.06674660
0.99992447 0.00939301 -0.00792801 -2.11515126 -0.00936845 0.99995067 0.00309648 1.86420616 0.00795529 -0.00302197 0.99996335 -2.01986701
0.99993066 0.00909946 -0.00757370 -2.11796433 -0.00910865 0.99995740 -0.00113884 2.09568582 0.00756215 0.00120785 0.99997037 -1.98087212
0.99990172 0.00877183 -0.01093935 -2.12579708 -0.00885733 0.99992975 -0.00778668 2.32877090 0.01086912 0.00788280 0.99990996 -1.95013687
0.99981732 0.00840617 -0.01719084 -2.13666844 -0.00867473 0.99984148 -0.01555408 2.56636769 0.01705643 0.01570000 0.99973127 -1.92959342
0.99981147 0.00727820 -0.01802436 -2.14590872 -0.00767879 0.99972314 -0.02222619 2.80714966 0.01785610 0.02236055 0.99959015 -1.91423203
0.99989849 0.00780311 -0.01196737 -2.15310338 -0.00812237 0.99960476 -0.02690449 3.05049011 0.01175168 0.02699863 0.99956633 -1.89615585
0.99990549 0.01038080 -0.00903682 -2.15716385 -0.01064486 0.99950369 -0.02963103 3.29363929 0.00872390 0.02972450 0.99952002 -1.89542049
0.99988600 0.01190385 -0.00930306 -2.15980681 -0.01218328 0.99945816 -0.03055292 3.54194143 0.00893326 0.03066334 0.99949029 -1.88307431
0.99985395 0.01102006 -0.01306310 -2.16235470 -0.01145084 0.99937700 -0.03337659 3.79088022 0.01268640 0.03352232 0.99935731 -1.87000161
0.99979016 0.00887161 -0.01845150 -2.16413559 -0.00961478 0.99912759 -0.04062171 4.03777781 0.01807396 0.04079054 0.99900467 -1.85954573
0.99981677 0.00812577 -0.01732957 -2.16492623 -0.00898842 0.99869486 -0.05026305 4.28878815 0.01689728 0.05040992 0.99858587 -1.85349714
0.99991665 0.01058343 -0.00742126 -2.16531969 -0.01098247 0.99837161 -0.05598081 4.54348426 0.00681537 0.05605723 0.99840385 -1.84634483
0.99988746 0.01501395 -0.00091743 -2.16604929 -0.01504218 0.99836607 -0.05511275 4.80517521 0.00008787 0.05512054 0.99847950 -1.82848401
0.99984404 0.01761619 -0.00138162 -2.16813929 -0.01766561 0.99844608 -0.05284794 5.07302324 0.00044812 0.05286380 0.99860161 -1.81548529
0.99984208 0.01761588 -0.00228971 -2.16916166 -0.01771716 0.99824706 -0.05645895 5.34465645 0.00129042 0.05649082 0.99840232 -1.81075049
0.99982923 0.01832725 -0.00227437 -2.16916115 -0.01843671 0.99770744 -0.06511273 5.62233753 0.00107511 0.06514375 0.99787552 -1.81107019
0.99978159 0.02078688 -0.00210816 -2.17083553 -0.02088597 0.99704638 -0.07389902 5.90583204 0.00056486 0.07392747 0.99726336 -1.77692592
0.99972507 0.02301089 -0.00461892 -2.17313553 -0.02331186 0.99635952 -0.08199574 6.19434294 0.00271526 0.08208083 0.99662207 -1.73531168
0.99964520 0.02422643 -0.01106914 -2.17882385 -0.02506526 0.99620889 -0.08329697 6.48960832 0.00900791 0.08354455 0.99646354 -1.68538843
0.99950415 0.02593274 -0.01785413 -2.18665082 -0.02718098 0.99691384 -0.07364649 6.78868281 0.01588771 0.07409523 0.99712466 -1.61424954
0.99951867 0.02672672 -0.01575713 -2.18549124 -0.02761928 0.99785006 -0.05943336 7.09665476 0.01413407 0.05983987 0.99810781 -1.53269153
0.99965902 0.02609036 0.00085359 -2.16830430 -0.02601362 0.99836747 -0.05084127 7.41002167 -0.00217944 0.05080182 0.99870632 -1.47335103
0.99943762 0.02728342 0.01949296 -2.14955345 -0.02615064 0.99807845 -0.05617581 7.72166785 -0.02098932 0.05563474 0.99823048 -1.44250728
0.99908001 0.03077075 0.02988842 -2.14185257 -0.02864298 0.99719206 -0.06918642 8.03295327 -0.03193365 0.06826691 0.99715616 -1.40873003
0.99925875 0.02991966 0.02423174 -2.13554213 -0.02787496 0.99634763 -0.08070234 8.34795824 -0.02655853 0.07996772 0.99644367 -1.35988155
0.99948957 0.02638037 0.01805103 -2.13058078 -0.02465472 0.99564156 -0.08993513 8.66392541 -0.02034619 0.08944419 0.99578403 -1.30345338
0.99962698 0.02594079 0.00862994 -2.13607032 -0.02499558 0.99507973 -0.09586606 8.98227325 -0.01107609 0.09561509 0.99535673 -1.25386783
0.99960309 0.02482728 -0.01331855 -2.14596486 -0.02604536 0.99455739 -0.10088251 9.30844972 0.01073972 0.10118959 0.99480938 -1.21401084
0.99954870 0.02084039 -0.02163695 -2.14946874 -0.02296967 0.99438235 -0.10331835 9.64371522 0.01936194 0.10376899 0.99441287 -1.19571120
0.99977027 0.01651474 -0.01365587 -2.13768458 -0.01784318 0.99444787 -0.10369969 9.98744515 0.01186683 0.10392033 0.99451451 -1.18625834
0.99988827 0.01493602 0.00011810 -2.12099955 -0.01485360 0.99509135 -0.09783944 10.33411984 -0.00157927 0.09782649 0.99520221 -1.16044632
0.99982060 0.01477392 0.01189645 -2.11137699 -0.01366992 0.99601924 -0.08807661 10.68239850 -0.01315131 0.08789859 0.99604275 -1.09382171
0.99980661 0.01423469 0.01360822 -2.10903441 -0.01308581 0.99662074 -0.08108680 11.03149744 -0.01471758 0.08089287 0.99661370 -1.01975741
0.99984308 0.01117288 0.01379444 -2.10782185 -0.01007107 0.99694087 -0.07750274 11.38267365 -0.01461989 0.07735160 0.99689696 -0.94631733
0.99991665 0.00872374 0.00955663 -2.10771614 -0.00798299 0.99715165 -0.07499353 11.73868875 -0.01018496 0.07491138 0.99713776 -0.88303517
0.99994371 0.01023200 -0.00296000 -2.12211799 -0.01042163 0.99724074 -0.07350166 12.10217141 0.00219871 0.07352814 0.99729076 -0.83590798
0.99986957 0.00872058 -0.01359580 -2.12548887 -0.00968597 0.99731143 -0.07262877 12.46857593 0.01292502 0.07275168 0.99726632 -0.84424946
0.99979934 0.00375593 -0.01970996 -2.11672452 -0.00519108 0.99729801 -0.07326833 12.84563550 0.01938009 0.07335655 0.99711710 -0.86222548
0.99990552 0.00388007 -0.01318397 -2.11300037 -0.00481608 0.99741405 -0.07170499 13.22975190 0.01287079 0.07176250 0.99733831 -0.87587081
0.99994633 0.00537960 -0.00889167 -2.11007254 -0.00596632 0.99771420 -0.06730355 13.61774871 0.00850813 0.06735240 0.99769281 -0.86277790
0.99998151 0.00109596 -0.00604929 -2.09482746 -0.00147016 0.99806218 -0.06220074 14.01235806 0.00596907 0.06220880 0.99804510 -0.83146619
0.99999647 -0.00222277 0.00165120 -2.08071666 0.00231395 0.99834372 -0.05747060 14.41374856 -0.00152196 0.05747462 0.99834596 -0.80230658
0.99997957 -0.00166510 0.00616384 -2.07777354 0.00200063 0.99849136 -0.05486279 14.81706151 -0.00606335 0.05487356 0.99847499 -0.79417459
0.99998824 -0.00011298 0.00485865 -2.07929846 0.00036948 0.99860193 -0.05285512 15.22848955 -0.00484742 0.05285688 0.99859059 -0.80650413
0.99996522 -0.00217749 -0.00803833 -2.07763182 0.00171839 0.99839530 -0.05660091 15.64515344 0.00814720 0.05658550 0.99836498 -0.82194659
0.99988470 -0.00681216 -0.01361227 -2.07393448 0.00604355 0.99842798 -0.05572260 16.06702904 0.01396943 0.05563482 0.99835322 -0.82816859
0.99992236 -0.00721708 -0.01022099 -2.07895043 0.00673120 0.99888472 -0.04672974 16.49395536 0.01054661 0.04665763 0.99885523 -0.79307887
0.99997109 -0.00668822 -0.00366022 -2.07880243 0.00654222 0.99923265 -0.03861827 16.92133677 0.00391493 0.03859343 0.99924778 -0.75325318
0.99996862 -0.00775415 0.00199395 -2.07011047 0.00782375 0.99925363 -0.03780960 17.34749467 -0.00170007 0.03782460 0.99928334 -0.72935510
0.99993803 -0.00768260 0.00812134 -2.06611918 0.00807983 0.99871123 -0.05010436 17.76938067 -0.00772643 0.05016679 0.99871119 -0.73090212
0.99994892 -0.00824920 0.00592557 -2.06700251 0.00861747 0.99784958 -0.06496721 18.18896162 -0.00537791 0.06501473 0.99787014 -0.73540312
0.99996693 -0.00731256 -0.00370267 -2.07748558 0.00701806 0.99722770 -0.07407048 18.61543510 0.00423318 0.07404314 0.99724626 -0.72696045
0.99971818 -0.00982365 -0.02162399 -2.08425531 0.00807292 0.99679243 -0.07961781 19.03929327 0.02233632 0.07942095 0.99659089 -0.71918998
0.99931754 -0.01352884 -0.03438793 -2.08835492 0.01056744 0.99633475 -0.08487985 19.46166220 0.03540946 0.08445928 0.99579811 -0.70999773
0.99926850 -0.01619783 -0.03465648 -2.08977724 0.01312786 0.99611652 -0.08705874 19.88342138 0.03593143 0.08653979 0.99560000 -0.68896370
0.99971567 -0.01420574 -0.01914806 -2.08895874 0.01262534 0.99669369 -0.08026092 20.30075381 0.02022405 0.07999657 0.99658989 -0.64672374
0.99993935 -0.01047481 -0.00349546 -2.08430441 0.01018169 0.99710139 -0.07538843 20.71390947 0.00427424 0.07534884 0.99714814 -0.59102597
0.99994897 -0.00805718 0.00617140 -2.07739911 0.00850613 0.99702748 -0.07656698 21.12638482 -0.00553688 0.07661567 0.99704532 -0.56096429
0.99997674 -0.00621564 0.00280189 -2.07731443 0.00642089 0.99675561 -0.08022990 21.53954979 -0.00229506 0.08024577 0.99677280 -0.53434681
0.99994611 -0.00271893 -0.00999591 -2.08982676 0.00195039 0.99710284 -0.07603702 21.95152923 0.01017290 0.07601467 0.99705530 -0.50044802
0.99937341 -0.00071700 -0.03539895 -2.10511799 -0.00155667 0.99793691 -0.06417100 22.36737202 0.03537130 0.06418659 0.99731120 -0.44563380
0.99825133 -0.00464846 -0.05893049 -2.10873164 0.00148011 0.99855672 -0.05368734 22.78867331 0.05909341 0.05350638 0.99681698 -0.39521008
0.99777387 -0.01065791 -0.06584118 -2.10049859 0.00759489 0.99888538 -0.04658618 23.20538651 0.06626287 0.04598343 0.99674211 -0.34928622
0.99830989 -0.01063964 -0.05713313 -2.09381980 0.00790701 0.99882302 -0.04784005 23.61511807 0.05757398 0.04730773 0.99721975 -0.30726556
0.99908735 -0.00613514 -0.04228489 -2.08951018 0.00386317 0.99855462 -0.05359899 24.02368885 0.04255227 0.05338705 0.99766677 -0.28271609
0.99971299 -0.00190796 -0.02388415 -2.08213518 0.00057074 0.99843561 -0.05589989 24.43684026 0.02395200 0.05587048 0.99815068 -0.26350965
0.99975473 0.00170881 -0.02207717 -2.08125376 -0.00306119 0.99811114 -0.06134830 24.85248100 0.02192978 0.06140119 0.99787236 -0.28072588
0.99947900 0.00648858 -0.03162186 -2.09118193 -0.00867406 0.99754633 -0.06946177 25.26927959 0.03109263 0.06970074 0.99708326 -0.30088770
0.99892322 0.01111221 -0.04504139 -2.10776178 -0.01432397 0.99732873 -0.07161690 25.68674249 0.04412473 0.07218463 0.99641433 -0.30306489
0.99837705 0.01431826 -0.05512099 -2.11975204 -0.01737896 0.99831028 -0.05544635 26.11142137 0.05423386 0.05631395 0.99693918 -0.26548624
0.99820565 0.01528275 -0.05790488 -2.11841871 -0.01718165 0.99932558 -0.03243376 26.53949520 0.05736944 0.03337088 0.99779473 -0.20421312
0.99907569 0.01762597 -0.03920156 -2.10356573 -0.01822103 0.99972333 -0.01485735 26.97111780 0.03892833 0.01555756 0.99912066 -0.17755347
0.99946419 0.02151074 -0.02468802 -2.08549782 -0.02181268 0.99968978 -0.01202923 27.39814234 0.02442053 0.01256183 0.99962252 -0.18255032
0.99960160 0.02678954 -0.00889383 -2.07080811 -0.02701091 0.99930140 -0.02580014 27.81039377 0.00819501 0.02603058 0.99962738 -0.19985290
0.99948639 0.03188786 -0.00334049 -2.05837804 -0.03202158 0.99805060 -0.05356575 28.21719650 0.00162504 0.05364586 0.99855855 -0.21494522
0.99936527 0.03414282 -0.01019025 -2.04659347 -0.03486928 0.99597122 -0.08260990 28.62348185 0.00732782 0.08291321 0.99653029 -0.22657260
0.99935534 0.03471776 -0.00913551 -2.02511736 -0.03549250 0.99371272 -0.10618284 29.03034053 0.00539104 0.10643920 0.99430497 -0.22054597
0.99940162 0.03456540 -0.00119634 -1.99617996 -0.03445697 0.99210064 -0.12061407 29.43832576 -0.00298322 0.12058329 0.99269890 -0.21507559
0.99939082 0.03470942 -0.00381804 -1.96745832 -0.03491681 0.99194691 -0.12174279 29.83852651 -0.00043948 0.12180192 0.99255386 -0.19824790
0.99934851 0.03584604 0.00420599 -1.94278186 -0.03516859 0.99334044 -0.10971328 30.23525876 -0.00811165 0.10949426 0.99395387 -0.14515002
0.99915190 0.03595075 0.02010576 -1.91075988 -0.03409002 0.99568918 -0.08625692 30.61962241 -0.02312152 0.08549777 0.99606975 -0.05029776
0.99914715 0.03702021 0.01829983 -1.88185039 -0.03579140 0.99734476 -0.06341896 30.99070063 -0.02059956 0.06270976 0.99781969 0.06527241
0.99919517 0.03763934 0.01386376 -1.86087183 -0.03684783 0.99788684 -0.05350812 31.34935095 -0.01584994 0.05295464 0.99847120 0.15866805
0.99924382 0.03785550 0.00884581 -1.84034390 -0.03733039 0.99787496 -0.05339666 31.69657282 -0.01085002 0.05302586 0.99853453 0.22762435
0.99928945 0.03653947 0.00923474 -1.81605949 -0.03602766 0.99807017 -0.05057424 32.03696735 -0.01106543 0.05020570 0.99867729 0.27844471
0.99933992 0.03599811 0.00489589 -1.79560742 -0.03572406 0.99821904 -0.04776756 32.37149433 -0.00660752 0.04756105 0.99884635 0.31092128
0.99929894 0.03705079 0.00545185 -1.78225634 -0.03674077 0.99812917 -0.04886568 32.69880704 -0.00725287 0.04863152 0.99879062 0.31451252
0.99926272 0.03528695 0.01514557 -1.75885880 -0.03447304 0.99810474 -0.05097284 33.02365165 -0.01691721 0.05041344 0.99858472 0.32001382
0.99908398 0.03329791 0.02689442 -1.72762119 -0.03185134 0.99811023 -0.05254339 33.34846954 -0.02859425 0.05163879 0.99825644 0.33169685
0.99890031 0.03522390 0.03094423 -1.70810470 -0.03367920 0.99822463 -0.04910995 33.67498647 -0.03261988 0.04801452 0.99831353 0.34879902
0.99883522 0.03658730 0.03146874 -1.69502694 -0.03523816 0.99847828 -0.04240947 34.00068294 -0.03297349 0.04125201 0.99860492 0.38394477
0.99912832 0.03208515 0.02672289 -1.67048640 -0.03104914 0.99878367 -0.03829145 34.33082238 -0.02791992 0.03742873 0.99890896 0.42160553
0.99929264 0.02851414 0.02453711 -1.64882640 -0.02752180 0.99882458 -0.03989244 34.66510165 -0.02564648 0.03918905 0.99890274 0.43721436
0.99923921 0.03099981 0.02367627 -1.64060641 -0.02987326 0.99846854 -0.04655966 35.00047442 -0.02508409 0.04581779 0.99863499 0.43953817
0.99931955 0.03193372 0.01848399 -1.62709060 -0.03093443 0.99816795 -0.05199736 35.33554543 -0.02011190 0.05139001 0.99847580 0.44860143
0.99944942 0.02969144 0.01482818 -1.60879529 -0.02879258 0.99792469 -0.05758378 35.67561847 -0.01650832 0.05712533 0.99823077 0.46606464
0.99952656 0.02682451 0.01505772 -1.59847141 -0.02580701 0.99760852 -0.06411729 36.01373647 -0.01674195 0.06369894 0.99782917 0.48609388
0.99957734 0.02606742 0.01289757 -1.59247192 -0.02512431 0.99732963 -0.06856172 36.35925330 -0.01465100 0.06820985 0.99756383 0.49603100
0.99942139 0.02632669 0.02156058 -1.58773924 -0.02498814 0.99787629 -0.06014180 36.70999448 -0.02309861 0.05956872 0.99795744 0.50789417
0.99852455 0.02602969 0.04767126 -1.57262445 -0.02427082 0.99901535 -0.03711973 37.07504943 -0.04859132 0.03590856 0.99817275 0.52999863
0.99774973 0.02578031 0.06189838 -1.55042575 -0.02516686 0.99962569 -0.01066074 37.44670525 -0.06215080 0.00907934 0.99802552 0.55645867
0.99788449 0.02730913 0.05900746 -1.53541448 -0.02784943 0.99957642 0.00835776 37.82114392 -0.05875470 -0.00998286 0.99822291 0.59877573
0.99849803 0.03156995 0.04477823 -1.53584879 -0.03250231 0.99926642 0.02024810 38.19420726 -0.04410653 -0.02167244 0.99879147 0.64402719
0.99902468 0.03464388 0.02740180 -1.54302086 -0.03536674 0.99902539 0.02638011 38.56840791 -0.02646232 -0.02732310 0.99927682 0.70001643
0.99940869 0.03219639 0.01208890 -1.54329898 -0.03247516 0.99919216 0.02366241 38.94718232 -0.01131852 -0.02404153 0.99964707 0.74271673
0.99960188 0.02796674 0.00391314 -1.53670900 -0.02800741 0.99954995 0.01068007 39.32804274 -0.00361340 -0.01078489 0.99993538 0.74389545
0.99975092 0.02216558 -0.00275385 -1.52066180 -0.02218603 0.99972505 -0.00752699 39.70752837 0.00258557 0.00758623 0.99996773 0.68992466
0.99986161 0.01665596 -0.00053992 -1.50288579 -0.01666477 0.99954615 -0.02510097 40.10077972 0.00012087 0.02510628 0.99968476 0.61709634
0.99974879 0.01606125 0.01564851 -1.49265384 -0.01549924 0.99925174 -0.03543767 40.50190604 -0.01620666 0.03518642 0.99924958 0.56009596
0.99978005 0.01652126 0.01296075 -1.48646078 -0.01602921 0.99918061 -0.03716149 40.90563385 -0.01356435 0.03694581 0.99922500 0.54122521
0.99991297 0.01313183 -0.00118074 -1.48246367 -0.01316061 0.99949622 -0.02887068 41.31800281 0.00080028 0.02888414 0.99958251 0.56630829
0.99996455 0.00850129 0.00022299 -1.47823702 -0.00849359 0.99970737 -0.02263364 41.73045385 -0.00041683 0.02263118 0.99974420 0.60680094
0.99996607 0.00592584 -0.00583911 -1.47442052 -0.00607166 0.99966528 -0.02513602 42.14264589 0.00568775 0.02517080 0.99966705 0.62852953
0.99991880 0.00659848 -0.01096207 -1.48105182 -0.00702986 0.99918378 -0.03977116 42.55528865 0.01068939 0.03984546 0.99914833 0.63269798
0.99998334 0.00537925 -0.00215347 -1.47871149 -0.00550148 0.99807399 -0.06177769 42.96709086 0.00181536 0.06178870 0.99808765 0.60487403
0.99999354 0.00300503 -0.00229691 -1.46946585 -0.00318499 0.99655836 -0.08282209 43.38650870 0.00203870 0.08282975 0.99656136 0.58310052
0.99997999 0.00298200 -0.00557459 -1.46853230 -0.00351312 0.99518990 -0.09790244 43.81728912 0.00525525 0.09792018 0.99518035 0.58021475
0.99999595 0.00058544 -0.00295994 -1.46263679 -0.00087198 0.99522121 -0.09763374 44.25068765 0.00288748 0.09763610 0.99521764 0.59240269
0.99999161 -0.00197476 0.00374284 -1.45284637 0.00229549 0.99613961 -0.08775458 44.68882241 -0.00355624 0.08776204 0.99613550 0.64513328
0.99997486 -0.00283597 0.00646377 -1.44674338 0.00333187 0.99694140 -0.07807503 45.12477463 -0.00622334 0.07809561 0.99692618 0.70633651
0.99982052 -0.00571287 0.01808437 -1.43565469 0.00699537 0.99740461 -0.07165015 45.55832876 -0.01762932 0.07176424 0.99726623 0.77135334
0.99933183 -0.00570985 0.03610283 -1.42682153 0.00833108 0.99730599 -0.07287637 45.98755096 -0.03559062 0.07312852 0.99668768 0.82710035
0.99907560 -0.00547471 0.04264342 -1.42061664 0.00872494 0.99703705 -0.07641506 46.41878505 -0.04210053 0.07671745 0.99616327 0.87027405
0.99924573 -0.00849103 0.03788794 -1.41610719 0.01148958 0.99675708 -0.07963960 46.85599135 -0.03708991 0.08001501 0.99610338 0.89676122
0.99890330 -0.01152682 0.04538595 -1.41374158 0.01527928 0.99641306 -0.08322361 47.29310866 -0.04426528 0.08382532 0.99549696 0.90818469
0.99884951 -0.01653179 0.04502765 -1.40843800 0.02043029 0.99594982 -0.08755268 47.73750424 -0.04339880 0.08837178 0.99514188 0.93200100
0.99888551 -0.02176623 0.04187383 -1.40789520 0.02543653 0.99568865 -0.08920053 48.17283665 -0.03975330 0.09016676 0.99513256 0.96923098
0.99862845 -0.03068076 0.04242869 -1.40209976 0.03434417 0.99548297 -0.08850989 48.60843222 -0.03952187 0.08984644 0.99517126 1.02921621
0.99826143 -0.03747886 0.04550556 -1.40140710 0.04171145 0.99451367 -0.09592778 49.04274966 -0.04166127 0.09765994 0.99434714 1.07696616
0.99818537 -0.03954131 0.04541006 -1.41416952 0.04453883 0.99237773 -0.11489976 49.47340470 -0.04052160 0.11671415 0.99233883 1.09192394
0.99774676 -0.04400058 0.05064724 -1.42147919 0.05042839 0.98975362 -0.13358142 49.90605957 -0.04425145 0.13583517 0.98974259 1.09373802
0.99698080 -0.04611940 0.06247450 -1.43357201 0.05467211 0.98821936 -0.14294711 50.34270658 -0.05514677 0.14593098 0.98775679 1.11349238
0.99702318 -0.04811847 0.06024394 -1.45101759 0.05609110 0.98876540 -0.13854729 50.77887101 -0.05290145 0.14151438 0.98852188 1.16423629
0.99742405 -0.05035640 0.05109290 -1.47748541 0.05655216 0.99014455 -0.12812076 51.21442644 -0.04413851 0.13068033 0.99044190 1.23284584
0.99735045 -0.05389097 0.04887414 -1.50455029 0.05913968 0.99180749 -0.11322397 51.65135215 -0.04237316 0.11581466 0.99236686 1.30915344
0.99707574 -0.05941354 0.04806470 -1.52336037 0.06395460 0.99300562 -0.09924293 52.08985007 -0.04183336 0.10202711 0.99390166 1.38819879
0.99677109 -0.06447959 0.04785025 -1.54260714 0.06851605 0.99374703 -0.08816215 52.52816590 -0.04186745 0.09115666 0.99495573 1.45927290
0.99662944 -0.06942418 0.04371964 -1.56339086 0.07282128 0.99399843 -0.08162512 52.97027589 -0.03779131 0.08453466 0.99570401 1.52077095
0.99661201 -0.07108488 0.04137504 -1.59558026 0.07417222 0.99414204 -0.07861076 53.41323801 -0.03554459 0.08141378 0.99604611 1.55900715
0.99688583 -0.06913834 0.03793029 -1.63808819 0.07193620 0.99434179 -0.07816465 53.85795318 -0.03231253 0.08064953 0.99621890 1.59050010
0.99735127 -0.06547332 0.03168344 -1.67945035 0.06791149 0.99421130 -0.08324881 54.30226717 -0.02605035 0.08518034 0.99602468 1.61441662
0.99771832 -0.05897583 0.03287620 -1.71865756 0.06175767 0.99390939 -0.09126435 54.74797407 -0.02729394 0.09308684 0.99528389 1.64102778
0.99823937 -0.05102087 0.03027360 -1.75649072 0.05377626 0.99367650 -0.09855873 55.18998463 -0.02505483 0.10001357 0.99467023 1.67813652
0.99886468 -0.04322434 0.02003750 -1.79421456 0.04507668 0.99358360 -0.10372970 55.63636968 -0.01542657 0.10451477 0.99440387 1.71733174
0.99917420 -0.04040370 -0.00440426 -1.82360084 0.03966258 0.99298656 -0.11136909 56.08572657 0.00887194 0.11110279 0.99376920 1.75815646
0.99915750 -0.03789612 -0.01575152 -1.85186947 0.03589211 0.99301561 -0.11238658 56.53970646 0.01989898 0.11172679 0.99353947 1.79715284
0.99939282 -0.03446807 -0.00509857 -1.86884638 0.03378106 0.99435557 -0.10057083 56.99885216 0.00853531 0.10033881 0.99491656 1.84692571
0.99947342 -0.03156793 0.00752871 -1.87247001 0.03205504 0.99650756 -0.07710650 57.46003954 -0.00506851 0.07730731 0.99699418 1.91148681
0.99960376 -0.02658810 0.00928924 -1.87947227 0.02708820 0.99790874 -0.05867883 57.92408881 -0.00771050 0.05890784 0.99823346 1.97117531
0.99980775 -0.01924186 0.00391488 -1.89802230 0.01941564 0.99853192 -0.05055838 58.38113730 -0.00293741 0.05062448 0.99871302 2.01437458
0.99994245 -0.01055504 -0.00214728 -1.92497431 0.01042362 0.99848917 -0.05394492 58.82935997 0.00271309 0.05391974 0.99854146 2.05535537
0.99998336 -0.00527941 -0.00244811 -1.93908462 0.00511073 0.99790490 -0.06449446 59.28258528 0.00278322 0.06448122 0.99791514 2.08097771
0.99999266 -0.00374069 0.00080157 -1.93517943 0.00378947 0.99722622 -0.07433109 59.73242885 -0.00052228 0.07433378 0.99723331 2.09088277
0.99997376 -0.00173584 0.00705569 -1.92698269 0.00226669 0.99710753 -0.07596932 60.18622185 -0.00690454 0.07598327 0.99708564 2.09163051
0.99999937 0.00124920 -0.00060909 -1.92706183 -0.00128857 0.99760796 -0.06910647 60.64188858 0.00052042 0.06910690 0.99760950 2.10327089
0.99997295 0.00398157 -0.00614860 -1.93108886 -0.00432107 0.99841173 -0.05615760 61.09724164 0.00591380 0.05618241 0.99840349 2.14661175
0.99998042 0.00366776 -0.00506709 -1.92419334 -0.00385878 0.99926179 -0.03820173 61.55622199 0.00492262 0.03822098 0.99925714 2.21349935
0.99999409 0.00016466 -0.00340818 -1.90672492 -0.00024466 0.99972479 -0.02342333 62.01505044 0.00340290 0.02342431 0.99971963 2.27887248
0.99999959 -0.00131768 -0.00038688 -1.89344450 0.00130912 0.99975225 -0.02221660 62.47034878 0.00041455 0.02221596 0.99975272 2.31158849
0.99997401 0.00050990 0.00717425 -1.88703533 -0.00028110 0.99949128 -0.03188980 62.92866228 -0.00718775 0.03188723 0.99946570 2.30574222
0.99998383 0.00391971 0.00413037 -1.88933739 -0.00374973 0.99917538 -0.04041160 63.38413339 -0.00428572 0.04039668 0.99917445 2.29647034
0.99993728 0.00445202 0.01028712 -1.88209835 -0.00404527 0.99922032 -0.03926959 63.84848120 -0.01045445 0.03922551 0.99917538 2.30289949
0.99988787 0.00371110 0.01451695 -1.86835671 -0.00316183 0.99928474 -0.03766854 64.31358956 -0.01464661 0.03761853 0.99918455 2.31736613
0.99983189 0.00494428 0.01768522 -1.86060362 -0.00432059 0.99937120 -0.03516919 64.78088875 -0.01784890 0.03508807 0.99922461 2.33436394
0.99973531 0.00542253 0.02235951 -1.85224672 -0.00469338 0.99945945 -0.03252842 65.25139209 -0.02252474 0.03241457 0.99922096 2.35839274
0.99970873 0.00407847 0.02380173 -1.84037952 -0.00329673 0.99945609 -0.03279866 65.72272243 -0.02392298 0.03271176 0.99917818 2.38434133
0.99989391 0.00251437 0.01436006 -1.83693785 -0.00196827 0.99927904 -0.03790557 66.18509949 -0.01444508 0.03787401 0.99917793 2.39458955
0.99995651 -0.00083360 0.00933594 -1.83133526 0.00120936 0.99918336 -0.04037680 66.65490687 -0.00929518 0.04038700 0.99914088 2.40142669
0.99994613 -0.00191905 0.01027227 -1.83087493 0.00231936 0.99923069 -0.03913529 67.12792126 -0.01019016 0.03915789 0.99918113 2.41776259
0.99990219 -0.00017448 0.01400159 -1.83336063 0.00066189 0.99939319 -0.03480178 67.60077065 -0.01398752 0.03480784 0.99929630 2.43188565
0.99991362 0.00037576 0.01311594 -1.83209298 0.00007885 0.99939945 -0.03463581 68.07301588 -0.01312247 0.03463442 0.99931367 2.45099195
0.99992148 0.00200242 0.01237635 -1.83473855 -0.00150106 0.99918222 -0.04040186 68.54840245 -0.01244768 0.04038023 0.99910675 2.47347322
0.99988104 0.00455916 0.01478163 -1.83984782 -0.00376336 0.99856250 -0.05345602 69.01673428 -0.01500530 0.05339384 0.99846113 2.48774008
0.99991085 0.00705417 0.01140257 -1.84584348 -0.00619769 0.99727693 -0.07347837 69.48397370 -0.01189100 0.07340157 0.99723196 2.49075004
0.99990967 0.00662636 0.01174947 -1.84249222 -0.00549052 0.99553519 -0.09422313 69.95470725 -0.01232243 0.09415053 0.99548183 2.48376684
0.99987970 0.00710022 0.01378835 -1.83742281 -0.00559313 0.99429836 -0.10647920 70.42255359 -0.01446669 0.10638925 0.99421881 2.49124098
0.99987398 0.00750701 0.01401674 -1.82191642 -0.00599665 0.99446685 -0.10487591 70.90177702 -0.01472709 0.10477894 0.99438648 2.53759061
0.99984613 0.00717686 0.01602726 -1.80409041 -0.00565714 0.99566040 -0.09288851 71.37867199 -0.01662562 0.09278346 0.99554714 2.60371774
0.99980204 0.00605293 0.01898585 -1.78534916 -0.00461832 0.99719681 -0.07468219 71.85175545 -0.01938529 0.07458013 0.99702636 2.67652182
0.99970171 0.00624335 0.02362041 -1.76891195 -0.00488081 0.99834331 -0.05732625 72.31859105 -0.02394008 0.05719394 0.99807622 2.75218724
0.99981091 0.00688260 0.01818672 -1.75434227 -0.00603035 0.99889939 -0.04651410 72.77834559 -0.01848760 0.04639581 0.99875236 2.82009780
0.99994831 0.00740493 0.00693127 -1.74372439 -0.00711290 0.99912195 -0.04127986 73.22994003 -0.00723187 0.04122910 0.99912361 2.87780173
0.99996063 0.00883240 -0.00063614 -1.73642690 -0.00885050 0.99920755 -0.03878849 73.67278606 0.00029220 0.03879307 0.99924769 2.92200719
0.99994425 0.01003433 -0.00332882 -1.72567744 -0.01015027 0.99926791 -0.03686526 74.11024179 0.00295587 0.03689690 0.99931468 2.95179467
0.99987836 0.01277831 0.00896873 -1.71167310 -0.01247636 0.99938077 -0.03288357 74.54364052 -0.00938450 0.03276825 0.99941897 2.97599587
0.99971396 0.01679428 0.01703242 -1.69169088 -0.01634239 0.99952036 -0.02629484 74.96962298 -0.01746760 0.02600951 0.99950905 2.99819450
0.99970190 0.02078338 0.01283771 -1.67881328 -0.02059569 0.99968128 -0.01459568 75.38450043 -0.01313791 0.01432714 0.99981133 3.02967736
0.99972788 0.02254930 0.00606796 -1.67093935 -0.02251747 0.99973221 -0.00534745 75.79367547 -0.00618784 0.00520912 0.99996756 3.06052033
0.99974205 0.02232132 0.00427007 -1.65838584 -0.02230874 0.99974710 -0.00278359 76.19073593 -0.00433238 0.00268821 0.99998684 3.08789269
0.99970024 0.02340626 0.00715401 -1.64389875 -0.02334413 0.99969030 -0.00857876 76.57634805 -0.00735319 0.00840908 0.99993807 3.10379024
0.99963037 0.02448442 0.01187566 -1.62485946 -0.02419119 0.99941202 -0.02427568 76.94730743 -0.01246476 0.02397969 0.99963513 3.10370289
0.99965826 0.02294990 0.01253925 -1.60011131 -0.02239502 0.99883633 -0.04271300 77.30576391 -0.01350541 0.04241753 0.99900912 3.10013307
0.99975540 0.02082876 0.00740110 -1.57783843 -0.02037255 0.99816291 -0.05704938 77.65407058 -0.00857751 0.05688574 0.99834401 3.09591989
0.99976616 0.02149350 -0.00250371 -1.57260495 -0.02161197 0.99754652 -0.06657708 77.99065170 0.00106497 0.06661535 0.99777828 3.09417515
0.99968558 0.02138698 -0.01308122 -1.57157707 -0.02229856 0.99700852 -0.07400387 78.31789317 0.01145801 0.07427213 0.99717255 3.09763607
0.99960205 0.01761310 -0.02203838 -1.56126927 -0.01933615 0.99656170 -0.08056626 78.63329545 0.02054206 0.08096012 0.99650540 3.10741901
0.99964477 0.01396580 -0.02269622 -1.54859374 -0.01584259 0.99628047 -0.08470040 78.94078904 0.02142791 0.08502972 0.99614823 3.12191818
0.99969520 0.01213607 -0.02153125 -1.53649600 -0.01392664 0.99627998 -0.08504022 79.24351253 0.02041860 0.08531388 0.99614493 3.14991250
0.99981816 0.01257898 -0.01438677 -1.52771737 -0.01369227 0.99669728 -0.08004414 79.54196583 0.01333142 0.08022702 0.99668723 3.19147362
0.99978288 0.01434571 -0.01514351 -1.52490723 -0.01543048 0.99713359 -0.07407191 79.84190077 0.01403600 0.07428985 0.99713821 3.23514872
0.99967972 0.01484406 -0.02050071 -1.52442410 -0.01623153 0.99746569 -0.06926434 80.14630588 0.01941986 0.06957468 0.99738765 3.26680890
0.99951274 0.01411529 -0.02786533 -1.52446234 -0.01596192 0.99761270 -0.06717766 80.45257814 0.02684950 0.06758979 0.99735150 3.28722976
0.99941640 0.01397627 -0.03119061 -1.52640936 -0.01596056 0.99780253 -0.06430529 80.76275115 0.03022245 0.06476582 0.99744243 3.30693258
0.99944800 0.01442081 -0.02994787 -1.52630114 -0.01611517 0.99823703 -0.05711589 81.07204447 0.02907037 0.05756686 0.99791833 3.33852783
0.99947143 0.01522578 -0.02873930 -1.52326067 -0.01664367 0.99862259 -0.04975497 81.38499875 0.02794147 0.05020805 0.99834762 3.37687206
0.99944186 0.01462232 -0.03002971 -1.52074106 -0.01593500 0.99890742 -0.04391945 81.69932680 0.02935419 0.04437389 0.99858403 3.41057853
0.99936647 0.01357902 -0.03290111 -1.52844039 -0.01486600 0.99912053 -0.03919270 82.00091467 0.03233955 0.03965765 0.99868967 3.43678207
0.99926787 0.01101697 -0.03663954 -1.53197301 -0.01243573 0.99917354 -0.03870162 82.30695916 0.03618205 0.03912916 0.99857899 3.45490145
0.99907226 0.00832055 -0.04227012 -1.53788802 -0.01016568 0.99899681 -0.04360605 82.61263317 0.04186401 0.04399538 0.99815383 3.46678996
0.99904953 0.00492568 -0.04332168 -1.54426536 -0.00725002 0.99853282 -0.05366031 82.91707025 0.04299202 0.05392377 0.99761921 3.47399869
0.99903859 0.00222012 -0.04379795 -1.55359555 -0.00522532 0.99762936 -0.06860934 83.22140137 0.04354036 0.06877231 0.99668174 3.47655274
0.99920016 -0.00062941 -0.03998922 -1.55969080 -0.00276435 0.99639660 -0.08476654 83.52481559 0.03989681 0.08481013 0.99559818 3.47487233
0.99957741 -0.00267849 -0.02895079 -1.56319288 -0.00015078 0.99525735 -0.09727537 83.82996853 0.02907288 0.09723904 0.99483657 3.47558181
0.99959955 -0.00616447 -0.02763257 -1.56557898 0.00321426 0.99440865 -0.10554365 84.13888689 0.02812788 0.10541274 0.99403117 3.48337221
0.99973663 -0.00966683 -0.02084986 -1.57313859 0.00731703 0.99390993 -0.10995143 84.45406753 0.02178499 0.10977083 0.99371866 3.48497904
0.99979222 -0.01346710 -0.01534510 -1.58360255 0.01171188 0.99394590 -0.10923859 84.77562777 0.01672257 0.10903664 0.99389686 3.49632342
0.99948783 -0.01888922 -0.02583714 -1.59290856 0.01622016 0.99486828 -0.09986176 85.12060303 0.02758930 0.09939185 0.99466617 3.53404534
0.99919531 -0.02532169 -0.03111364 -1.60865713 0.02263712 0.99622625 -0.08378092 85.46706527 0.03311706 0.08300933 0.99599858 3.58940541
0.99909042 -0.03118677 -0.02910054 -1.62286576 0.02917655 0.99731857 -0.06711698 85.81497783 0.03111439 0.06620709 0.99732034 3.65500314
0.99870718 -0.03841889 -0.03330521 -1.63329629 0.03640252 0.99758202 -0.05919066 86.15429279 0.03549723 0.05790185 0.99769074 3.71682082
0.99830309 -0.04964156 -0.03043958 -1.63710268 0.04771103 0.99698698 -0.06115024 86.49385578 0.03338245 0.05959452 0.99766423 3.77326867
0.99807812 -0.05724562 -0.02375588 -1.64781071 0.05553896 0.99619597 -0.06715130 86.82705148 0.02750944 0.06570307 0.99745955 3.81403918
0.99737300 -0.06579493 -0.03032292 -1.66441301 0.06312615 0.99464440 -0.08183772 87.16210124 0.03554376 0.07970927 0.99618440 3.84259027
0.99667161 -0.07702927 -0.02669250 -1.67857396 0.07427940 0.99298020 -0.09204920 87.50208006 0.03359448 0.08976019 0.99539649 3.85469752
0.99623757 -0.08499788 -0.01691912 -1.70125812 0.08296999 0.99180432 -0.09715959 87.84363273 0.02503821 0.09539059 0.99512554 3.85539984
0.99576114 -0.09192089 -0.00331319 -1.72449020 0.09109668 0.99053853 -0.10263195 88.18860758 0.01271401 0.10189553 0.99471399 3.84174301
0.99484155 -0.10113944 0.00781385 -1.74494956 0.10139694 0.98919468 -0.10589088 88.50613486 0.00297910 0.10613687 0.99434701 3.83519299
0.99404494 -0.10892743 0.00322595 -1.78071779 0.10866117 0.98850583 -0.10511472 88.82074194 0.00826023 0.10483932 0.99445485 3.87067753
0.99276138 -0.11963273 -0.01066949 -1.82717885 0.11798856 0.98800335 -0.09963580 89.13316730 0.02245977 0.09765652 0.99496669 3.93743306
0.99074882 -0.13320739 -0.02593198 -1.87357603 0.13038842 0.98734904 -0.09022307 89.44584262 0.03762146 0.08600843 0.99558408 4.00667358
0.98921022 -0.14218416 -0.03530305 -1.93027901 0.13885223 0.98678055 -0.08357090 89.75628902 0.04671819 0.07776832 0.99587657 4.07168634
0.98839242 -0.14922070 -0.02851406 -1.98508409 0.14661361 0.98608827 -0.07831898 90.07043835 0.03980410 0.07322972 0.99652070 4.11074509
0.98700585 -0.16043937 -0.00886949 -2.02008782 0.15938217 0.98452731 -0.07281337 90.39428196 0.02041411 0.07045392 0.99730583 4.11573110
0.98504409 -0.17198952 0.01039006 -2.05166344 0.17229654 0.98269265 -0.06803882 90.72255943 0.00149125 0.06881182 0.99762870 4.11620839
0.98374151 -0.17786651 0.02482443 -2.10252949 0.17904688 0.98209272 -0.05861340 91.04639807 -0.01395579 0.06210615 0.99797196 4.13664517
0.98343549 -0.18048519 0.01676886 -2.17503232 0.18113885 0.98196376 -0.05417000 91.36584570 -0.00669088 0.05631029 0.99839053 4.18354649
0.98224907 -0.18736817 -0.00899548 -2.25843933 0.18653461 0.98069512 -0.05865634 91.69075184 0.01981206 0.05593812 0.99823739 4.22653682
0.98007320 -0.19761792 -0.02009274 -2.33896653 0.19623114 0.97893325 -0.05640711 92.02505632 0.03081615 0.05134142 0.99820566 4.25262096
0.97803046 -0.20730793 -0.02189772 -2.40954772 0.20612766 0.97740481 -0.04679716 92.36826943 0.03110425 0.04125599 0.99866478 4.28157351
0.97669254 -0.21430791 -0.01198339 -2.47514066 0.21381388 0.97630606 -0.03331804 92.71762207 0.01883938 0.02998000 0.99937312 4.29528248
0.97614727 -0.21711111 -0.00065176 -2.54506611 0.21704223 0.97590383 -0.02245057 93.06987117 0.00550918 0.02177386 0.99974805 4.30052468
0.97625011 -0.21664127 0.00173411 -2.62607291 0.21661303 0.97591757 -0.02576895 93.41673694 0.00388977 0.02553317 0.99966598 4.29863184
0.97644710 -0.21567026 0.00614133 -2.71210937 0.21575592 0.97591381 -0.03227605 93.76206182 0.00096719 0.03284073 0.99946019 4.31042638
0.97727349 -0.21192685 -0.00486324 -2.80928049 0.21160837 0.97665623 -0.03693326 94.10726302 0.01257583 0.03506587 0.99930552 4.34711922
0.97654482 -0.21384982 -0.02508251 -2.90168106 0.21257104 0.97607253 -0.04577688 94.46031393 0.03427089 0.03937215 0.99863688 4.37600297
0.97520245 -0.21842753 -0.03563976 -2.98736634 0.21637247 0.97482135 -0.05390487 94.82058119 0.04651571 0.04485679 0.99790992 4.37629608
0.97534788 -0.21837469 -0.03177848 -3.08037455 0.21599169 0.97420846 -0.06531335 95.18444998 0.04522071 0.05683952 0.99735830 4.36407341
0.97623766 -0.21573125 -0.02050823 -3.17160961 0.21359199 0.97387965 -0.07705293 95.54878412 0.03659423 0.07084240 0.99681599 4.34375616
0.97726628 -0.21201465 -0.00033639 -3.25999190 0.21141675 0.97462838 -0.07350020 95.91706702 0.01590973 0.07175847 0.99729490 4.35996437
0.97711682 -0.21253869 0.00844663 -3.33855183 0.21265101 0.97518914 -0.06152513 96.29279691 0.00483944 0.06191423 0.99806959 4.41282259
0.97669894 -0.21446616 0.00795166 -3.41976542 0.21458690 0.97533311 -0.05173085 96.67066481 0.00333830 0.05223302 0.99862989 4.46081831
0.97698475 -0.21329077 0.00269116 -3.51932278 0.21317466 0.97584898 -0.04770482 97.04915902 0.00754800 0.04718167 0.99885821 4.49434865
0.97653241 -0.21436346 -0.02082501 -3.62380254 0.21318931 0.97583687 -0.04787633 97.42954446 0.03058421 0.04231317 0.99863609 4.52342351
0.97424197 -0.21987759 -0.05006949 -3.72848216 0.21762859 0.97491277 -0.04671827 97.81628964 0.05908437 0.03461948 0.99765234 4.56102553
0.97113645 -0.22778788 -0.07075508 -3.83191908 0.22517781 0.97336838 -0.04300017 98.20562455 0.07866513 0.02582768 0.99656611 4.61279069
0.96898423 -0.23565065 -0.07441941 -3.92550036 0.23262166 0.97142247 -0.04716704 98.58960202 0.08340693 0.02839351 0.99611148 4.65142851
0.96982974 -0.23814965 -0.05211507 -4.02212919 0.23470603 0.96992217 -0.06452130 98.97209698 0.06591189 0.05034291 0.99655467 4.65788967
0.97134471 -0.23662944 -0.02226468 -4.11715504 0.23379127 0.96813611 -0.08973750 99.34653728 0.04278879 0.08196125 0.99571673 4.64739645
0.97231779 -0.23361725 -0.00473372 -4.21607622 0.23142734 0.96560713 -0.11850154 99.72848284 0.03225443 0.11412598 0.99294212 4.62429025
0.97337724 -0.22913743 -0.00572175 -4.32914520 0.22613602 0.96410587 -0.13914548 100.11082959 0.03739897 0.13414782 0.99025561 4.60539133
0.97417196 -0.22479902 -0.02130145 -4.45626511 0.21942320 0.96468366 -0.14573273 100.49722093 0.05330892 0.13729530 0.98909503 4.60331382
0.97377389 -0.22304385 -0.04490454 -4.58476632 0.21553823 0.96755198 -0.13185209 100.88516770 0.07285620 0.11871521 0.99025187 4.64931961
0.97154896 -0.22650147 -0.06920673 -4.70284729 0.21896888 0.97038950 -0.10196072 101.27636958 0.09025122 0.08390605 0.99237810 4.76015293
0.96936279 -0.23227773 -0.07989760 -4.80501570 0.22665137 0.97119211 -0.07358121 101.66456021 0.09468606 0.05321775 0.99408425 4.88546174
0.96998314 -0.23442591 -0.06464070 -4.89977332 0.23054861 0.97107437 -0.06213700 102.04396173 0.07733618 0.04536920 0.99597280 4.97727608
0.97120352 -0.23356715 -0.04701510 -4.99307458 0.23009992 0.97070763 -0.06914306 102.41969528 0.06178645 0.05633394 0.99649860 5.02055527
0.97201684 -0.23246604 -0.03381432 -5.08112879 0.22871357 0.96936109 -0.08960459 102.80833655 0.05360751 0.07936382 0.99540311 5.01829823
0.97201916 -0.23338481 -0.02666067 -5.17004809 0.22911754 0.96698731 -0.11153807 103.19751353 0.05181125 0.10230857 0.99340253 4.99367940
0.97146560 -0.23591539 -0.02447014 -5.26200332 0.23108718 0.96469253 -0.12636011 103.59545184 0.05341609 0.11709999 0.99168277 4.97165330
0.97121628 -0.23694624 -0.02441378 -5.36258506 0.23188718 0.96393604 -0.13059876 103.99078714 0.05447706 0.12117882 0.99113520 4.97198453
0.97062211 -0.23851780 -0.03167980 -5.46250233 0.23269804 0.96401519 -0.12854774 104.37990968 0.06120023 0.11739927 0.99119692 5.01761602
0.96961079 -0.24209237 -0.03531295 -5.55756364 0.23635383 0.96418399 -0.12035840 104.77302206 0.06318504 0.10835547 0.99210193 5.08884109
0.96922865 -0.24424408 -0.03068503 -5.64933761 0.23939250 0.96425091 -0.11362911 105.16046242 0.05734099 0.10278731 0.99304962 5.15999156
0.96864023 -0.24674483 -0.02921667 -5.73973605 0.24192458 0.96339631 -0.11549468 105.54571433 0.05664410 0.10480563 0.99287830 5.21144066
0.96790145 -0.24971969 -0.02840600 -5.83300124 0.24478142 0.96227504 -0.11877342 105.93143563 0.05699427 0.10800820 0.99251471 5.24993977
0.96604678 -0.25550686 -0.03833532 -5.93109466 0.24874323 0.95988803 -0.12938694 106.31435451 0.06985683 0.11545940 0.99085246 5.27348619
0.96444414 -0.26098943 -0.04161441 -6.03287856 0.25351173 0.95808707 -0.13341970 106.69087523 0.07469072 0.11812724 0.99018607 5.30017268
0.96351893 -0.26451098 -0.04080842 -6.13694965 0.25793650 0.95841248 -0.12212196 107.06850420 0.07141362 0.10714183 0.99167622 5.34823839
0.96283820 -0.26785401 -0.03460386 -6.23467660 0.26319716 0.95930897 -0.10224190 107.44892205 0.06058062 0.08933497 0.99415791 5.40031499
0.96167906 -0.27227426 -0.03224141 -6.32760708 0.26887806 0.95955767 -0.08338774 107.83400053 0.05364198 0.07152434 0.99599518 5.45831678
0.96138845 -0.27327184 -0.03247652 -6.42844289 0.27034903 0.95990885 -0.07406074 108.20202616 0.05141196 0.06242212 0.99672449 5.51228485
0.96072875 -0.27396493 -0.04408986 -6.53780343 0.27003041 0.95961860 -0.07884128 108.56085404 0.06390860 0.06383998 0.99591124 5.55465043
0.95992870 -0.27414504 -0.05815285 -6.65624357 0.26900090 0.95954707 -0.08310889 108.90466368 0.07858398 0.06413678 0.99484185 5.60213910
0.95688341 -0.27929539 -0.07979891 -6.76547558 0.27228566 0.95814187 -0.08845637 109.25037039 0.10116283 0.06291463 0.99287860 5.64134782
