1.00000000 0.00000000 0.00000000 0.00000000 -0.00000000 1.00000000 0.00000000 0.00000000 0.00000000 0.00000000 1.00000000 0.00000000
0.99996730 0.00801422 0.00083773 -0.02735752 -0.00800965 0.99995379 -0.00535488 0.31695260 -0.00088101 0.00534785 0.99998521 -0.01131961
0.99985298 0.01640005 0.00491905 -0.05576268 -0.01633902 0.99979136 -0.01225319 0.62484675 -0.00511995 0.01217099 0.99991308 -0.01711772
0.99978507 0.01898139 0.00826469 -0.06886315 -0.01885848 0.99971559 -0.01460386 0.92573940 -0.00854018 0.01444532 0.99985917 -0.03098774
0.99980171 0.01856218 0.00718159 -0.07700927 -0.01845473 0.99972114 -0.01474818 1.21701650 -0.00745409 0.01461295 0.99986525 -0.03542403
0.99979464 0.02005751 0.00291162 -0.09662539 -0.02000673 0.99966242 -0.01658442 1.49924994 -0.00324403 0.01652385 0.99985800 -0.04347851
0.99973061 0.02261410 -0.00513521 -0.12153612 -0.02270850 0.99955900 -0.01912256 1.77174174 0.00470046 0.01923404 0.99980397 -0.04744552
0.99964178 0.02197522 -0.01528451 -0.14103343 -0.02225600 0.99958224 -0.01845592 2.03553013 0.01487289 0.01879029 0.99971264 -0.04447023
0.99965483 0.02111151 -0.01564743 -0.15670532 -0.02137398 0.99962977 -0.01682690 2.29300484 0.01528571 0.01715563 0.99973564 -0.04591122
0.99967735 0.02175673 -0.01308257 -0.17124773 -0.02195986 0.99963645 -0.01562883 2.54360042 0.01273655 0.01591229 0.99979213 -0.04976298
0.99975423 0.02102168 -0.00698890 -0.18206464 -0.02112078 0.99967299 -0.01443269 2.78548608 0.00668268 0.01457687 0.99987156 -0.05310680
0.99983667 0.01803780 -0.00125159 -0.19378212 -0.01805089 0.99977490 -0.01116772 3.00351498 0.00104899 0.01118895 0.99993694 -0.04096727
0.99984338 0.01679277 0.00555819 -0.20952476 -0.01675660 0.99983966 -0.00644507 3.21334103 -0.00566594 0.00635079 0.99996435 -0.02203646
0.99973048 0.01743860 0.01527967 -0.23035349 -0.01735841 0.99983493 -0.00537398 3.42068829 -0.01537189 0.00510799 0.99986931 -0.01578742
0.99962668 0.01593389 0.02216914 -0.24751562 -0.01579062 0.99985373 -0.00663823 3.62552063 -0.02227196 0.00628639 0.99973283 -0.01911550
0.99951709 0.01405717 0.02770333 -0.26592440 -0.01384997 0.99987504 -0.00765135 3.82879564 -0.02780759 0.00726350 0.99958749 -0.02464826
0.99948366 0.01428897 0.02877886 -0.29457211 -0.01413479 0.99988485 -0.00557600 4.02698153 -0.02885544 0.00516666 0.99957034 -0.02108676
0.99967460 0.01280643 0.02206248 -0.32530199 -0.01275594 0.99991592 -0.00243415 4.21924126 -0.02209232 0.00215225 0.99975361 -0.00582975
0.99991146 0.00884834 0.00993144 -0.35360555 -0.00883531 0.99995998 -0.00139217 4.40613840 -0.00994375 0.00130502 0.99995012 0.01031927
0.99998423 0.00552676 -0.00110718 -0.38426686 -0.00553121 0.99997711 -0.00381402 4.58861845 0.00108552 0.00382057 0.99999209 0.01960021
0.99997994 0.00431488 -0.00461193 -0.41625004 -0.00434671 0.99996632 -0.00696637 4.76474031 0.00458168 0.00698595 0.99996509 0.02129260
0.99998911 0.00123763 -0.00443470 -0.44422838 -0.00127342 0.99996561 -0.00821909 4.92587103 0.00442394 0.00822448 0.99995654 0.02044203
0.99999240 -0.00132023 0.00360126 -0.46745727 0.00135038 0.99996291 -0.00850424 5.08369982 -0.00359080 0.00850959 0.99995729 0.01574565
0.99991866 -0.00143569 0.01267250 -0.49278616 0.00151600 0.99997928 -0.00631103 5.24176408 -0.01266399 0.00632969 0.99989959 0.01355817
0.99979637 -0.00139097 0.02011211 -0.52396279 0.00146430 0.99999243 -0.00360730 5.39659039 -0.02010720 0.00363648 0.99979118 0.01251946
0.99970819 -0.00314377 0.02394199 -0.55424366 0.00319932 0.99999245 -0.00227798 5.55078172 -0.02393547 0.00235524 0.99971057 0.01311917
0.99971812 -0.00656526 0.02281768 -0.58258377 0.00663391 0.99997405 -0.00292198 5.70238955 -0.02279761 0.00307293 0.99973503 0.01483646
0.99972841 -0.01055169 0.02075878 -0.61035619 0.01061502 0.99993920 -0.00292584 5.85115156 -0.02072689 0.00314566 0.99977991 0.01812506
0.99963686 -0.01399528 0.02299450 -0.63931137 0.01406233 0.99989750 -0.00277716 5.99830432 -0.02295375 0.00310017 0.99973233 0.02060656
0.99961664 -0.01624968 0.02240450 -0.66992663 0.01630540 0.99986426 -0.00233407 6.14295053 -0.02236464 0.00269911 0.99974670 0.02437309
0.99964483 -0.01861390 0.01903800 -0.70340667 0.01864674 0.99982455 -0.00153092 6.28716846 -0.01900631 0.00188611 0.99981822 0.02645155
0.99957713 -0.02307186 0.01768122 -0.73109240 0.02309976 0.99973249 -0.00134481 6.43586003 -0.01764676 0.00175288 0.99984307 0.03163686
0.99950869 -0.02678204 0.01630140 -0.76188884 0.02681360 0.99963950 -0.00170026 6.58184572 -0.01625053 0.00213740 0.99986589 0.03686386
0.99950785 -0.02752806 0.01502509 -0.79968472 0.02758224 0.99961447 -0.00339478 6.71928929 -0.01492570 0.00380740 0.99988133 0.04479820
0.99959669 -0.02686189 0.00919986 -0.84268998 0.02689689 0.99963141 -0.00363478 6.85545363 -0.00909908 0.00388176 0.99995136 0.06073667
0.99955106 -0.02986829 -0.00231330 -0.87981511 0.02986813 0.99955392 -0.00007098 6.99235217 0.00231391 0.00000235 0.99999792 0.08334559
0.99935510 -0.03493122 -0.00823456 -0.91353472 0.03496398 0.99938186 0.00378871 7.13300219 0.00809679 -0.00407406 0.99995915 0.09982761
0.99922255 -0.03791015 -0.01081432 -0.94696868 0.03797629 0.99926099 0.00593977 7.27470525 0.01058083 -0.00634554 0.99992456 0.11002477
0.99925376 -0.03799542 -0.00684511 -0.98262261 0.03803470 0.99926076 0.00560657 7.41554898 0.00662673 -0.00586182 0.99996115 0.11468178
0.99915509 -0.04105845 -0.00142610 -1.01284357 0.04106249 0.99915210 0.00307811 7.55749024 0.00129827 -0.00313336 0.99999419 0.11622619
0.99890091 -0.04684170 0.00160169 -1.03556304 0.04684179 0.99890258 -0.00057597 7.69784175 -0.00157382 0.00065082 0.99999856 0.11857075
0.99875871 -0.04977040 -0.00150806 -1.05831994 0.04976398 0.99875318 -0.00402542 7.84317852 0.00170569 0.00394562 0.99999055 0.10587583
0.99848561 -0.05476350 -0.00518673 -1.08411778 0.05474658 0.99849444 -0.00346114 7.98694500 0.00536823 0.00317253 0.99998031 0.10017355
0.99810279 -0.06064704 -0.01056270 -1.10746970 0.06062722 0.99815855 -0.00223434 8.12652525 0.01067792 0.00159080 0.99994203 0.10121612
0.99785504 -0.06337577 -0.01636869 -1.13632672 0.06336278 0.99798951 -0.00131796 8.26873627 0.01641958 0.00027878 0.99986480 0.10210717
0.99758839 -0.06542729 -0.02315964 -1.16819231 0.06548364 0.99785227 0.00168853 8.41549784 0.02299877 -0.00320072 0.99973091 0.10190232
0.99713310 -0.06992641 -0.02890130 -1.19665650 0.07014183 0.99751559 0.00650571 8.56353679 0.02837455 -0.00851410 0.99956122 0.10259117
0.99681596 -0.07265378 -0.03283851 -1.22816342 0.07296049 0.99730083 0.00823749 8.71129207 0.03215006 -0.01060623 0.99942685 0.09769869
0.99666851 -0.07404235 -0.03418027 -1.26118030 0.07432300 0.99720955 0.00699661 8.85889624 0.03356676 -0.00951337 0.99939101 0.09026511
0.99630538 -0.07904787 -0.03355050 -1.28467192 0.07928927 0.99683455 0.00590312 9.00592941 0.03297744 -0.00854119 0.99941978 0.08487927
0.99600331 -0.08347823 -0.03175069 -1.30922679 0.08369188 0.99647732 0.00545552 9.15492592 0.03118336 -0.00809050 0.99948116 0.07961494
0.99606052 -0.08380665 -0.02898965 -1.35021966 0.08406372 0.99643093 0.00775128 9.29588086 0.02823544 -0.01015680 0.99954941 0.07690695
0.99578543 -0.08462407 -0.03535252 -1.39178111 0.08494084 0.99635781 0.00756046 9.43601264 0.03458349 -0.01053187 0.99934632 0.07429454
0.99503062 -0.08944125 -0.04373589 -1.43040201 0.08970885 0.99595938 0.00418271 9.57779628 0.04318460 -0.00808460 0.99903408 0.06249331
0.99423070 -0.09577144 -0.04829800 -1.46636714 0.09589694 0.99539138 0.00027345 9.72384773 0.04804895 -0.00490331 0.99883296 0.04612122
0.99344175 -0.10040403 -0.05469618 -1.50464950 0.10047260 0.99493891 -0.00151262 9.86902599 0.05457088 -0.00399212 0.99850211 0.04004030
0.99304210 -0.10276783 -0.05749363 -1.54636165 0.10291544 0.99469028 -0.00039484 10.01900418 0.05722829 -0.00552413 0.99834593 0.04160708
0.99264276 -0.10559265 -0.05925075 -1.58779224 0.10585927 0.99438026 0.00137525 10.16756131 0.05877233 -0.00763738 0.99824256 0.04390959
0.99227405 -0.10750663 -0.06192342 -1.63401057 0.10762243 0.99419071 -0.00146631 10.32073663 0.06172063 -0.00520888 0.99807988 0.03668532
0.99180868 -0.10929984 -0.06609046 -1.68510792 0.10908033 0.99400900 -0.00692911 10.47860430 0.06645110 -0.00033636 0.99778997 0.01793772
0.99113347 -0.11188262 -0.07167077 -1.73454841 0.11130630 0.99371397 -0.01200190 10.64017342 0.07256302 0.00391892 0.99735677 0.00325879
0.99008505 -0.11797943 -0.07623334 -1.77677278 0.11713194 0.99299597 -0.01551328 10.81497059 0.07752945 0.00643084 0.99696910 -0.00564897
0.98931586 -0.12473192 -0.07546660 -1.81496242 0.12378892 0.99216169 -0.01706869 10.99548539 0.07700446 0.00754495 0.99700250 -0.01402792
0.98940313 -0.12809778 -0.06834812 -1.85795625 0.12730525 0.99173761 -0.01584481 11.17934659 0.06981241 0.00697583 0.99753598 -0.01975901
0.98998578 -0.12995712 -0.05511801 -1.90097069 0.12954486 0.99151217 -0.01101395 11.36808651 0.05608110 0.00376375 0.99841894 -0.02220257
0.99025110 -0.13244350 -0.04312511 -1.94172821 0.13227804 0.99119014 -0.00668201 11.56380289 0.04362980 0.00091333 0.99904740 -0.02709470
0.99023416 -0.13613872 -0.03004127 -1.98349470 0.13607955 0.99068997 -0.00402762 11.76391592 0.03030947 -0.00009835 0.99954066 -0.03778780
0.99011308 -0.13779962 -0.02620155 -2.03563068 0.13774603 0.99045993 -0.00388377 11.96638534 0.02648617 0.00023649 0.99964897 -0.04561542
0.98934198 -0.14153405 -0.03420762 -2.09527460 0.14147559 0.98993331 -0.00414301 12.17283431 0.03444941 -0.00074032 0.99940626 -0.04353576
0.98797547 -0.14802304 -0.04464485 -2.15305767 0.14796798 0.98898241 -0.00456688 12.38162671 0.04482844 -0.00209383 0.99899308 -0.03834875
0.98744242 -0.15152353 -0.04469227 -2.21557783 0.15157753 0.98844282 -0.00221024 12.59251871 0.04451105 -0.00459143 0.99899863 -0.03447000
0.98757117 -0.15199185 -0.04001044 -2.30051163 0.15223185 0.98834062 0.00298452 12.80195905 0.03909005 -0.00903754 0.99919494 -0.02220784
0.98771835 -0.15306487 -0.03135123 -2.37801063 0.15341798 0.98811906 0.00917034 13.01720323 0.02957485 -0.01386715 0.99946664 -0.01397671
0.98784780 -0.15390343 -0.02169900 -2.45655550 0.15424553 0.98791793 0.01508797 13.23072693 0.01911453 -0.01825093 0.99965094 -0.00355787
0.98785681 -0.15364429 -0.02306505 -2.54159057 0.15400750 0.98795864 0.01485006 13.43657986 0.02050470 -0.01822119 0.99962340 0.00817499
0.98765259 -0.15475470 -0.02433582 -2.62785491 0.15511055 0.98780557 0.01347032 13.63719163 0.02195443 -0.01707822 0.99961321 0.01976937
0.98729987 -0.15784884 -0.01793103 -2.70300913 0.15815224 0.98726973 0.01695051 13.83493810 0.01502631 -0.01957021 0.99969614 0.02674257
0.98698608 -0.16044325 -0.01078165 -2.77204218 0.16062084 0.98684627 0.01832477 14.02845380 0.00769948 -0.01981796 0.99977400 0.02396272
0.98703454 -0.16045712 0.00389343 -2.84292327 0.16033423 0.98681651 0.02206549 14.21594597 -0.00738245 -0.02115374 0.99974903 0.02004189
0.98714207 -0.15901339 0.01622818 -2.91764832 0.15858172 0.98702652 0.02512289 14.39389581 -0.02001318 -0.02222569 0.99955322 0.02145188
0.98752238 -0.15639828 0.01839963 -3.00132727 0.15593765 0.98746883 0.02427787 14.56589812 -0.02196695 -0.02110568 0.99953577 0.02415215
0.98760552 -0.15609178 0.01644673 -3.08217070 0.15571053 0.98754899 0.02237652 14.74073703 -0.01973430 -0.01953798 0.99961452 0.03874879
0.98718895 -0.15923928 0.01001336 -3.15232611 0.15899179 0.98703559 0.02196865 14.90929103 -0.01338265 -0.02009436 0.99970912 0.05913473
0.98672632 -0.16208209 0.00998527 -3.21854658 0.16182625 0.98656062 0.02259610 15.07144237 -0.01351367 -0.02067926 0.99969464 0.07750022
0.98690291 -0.16059933 0.01514852 -3.29051930 0.16025758 0.98683943 0.02156974 15.22303164 -0.01841336 -0.01885943 0.99965291 0.08451695
0.98701726 -0.15924609 0.02089657 -3.35762938 0.15881981 0.98709083 0.02070084 15.36755732 -0.02392342 -0.01711284 0.99956727 0.09185045
0.98655217 -0.16115643 0.02724822 -3.41843073 0.16065824 0.98681587 0.01958450 15.50522241 -0.03004563 -0.01494311 0.99943682 0.10064424
0.98623858 -0.16265553 0.02958282 -3.48226244 0.16217215 0.98659650 0.01811661 15.63277693 -0.03213380 -0.01306860 0.99939780 0.11461038
0.98655742 -0.16093107 0.02837278 -3.55419832 0.16040791 0.98685160 0.01986473 15.74763923 -0.03119714 -0.01504625 0.99939984 0.13929427
0.98698593 -0.15921398 0.02257163 -3.62653113 0.15868426 0.98704651 0.02361790 15.85419950 -0.02603968 -0.01972847 0.99946682 0.17120095
0.98684387 -0.16033017 0.02080155 -3.68464533 0.15974306 0.98677974 0.02734568 15.95574016 -0.02491099 -0.02366224 0.99940970 0.19465810
0.98631155 -0.16299366 0.02494843 -3.70064873 0.16230909 0.98635949 0.02740266 16.06339792 -0.02907476 -0.02297810 0.99931342 0.18326025
0.98606800 -0.16319738 0.03218233 -3.71936491 0.16253045 0.98644950 0.02238391 16.17059677 -0.03539938 -0.01684185 0.99923112 0.15554092
0.98592386 -0.16166444 0.04263902 -3.74200455 0.16108361 0.98679846 0.01675591 16.27932699 -0.04478569 -0.00965142 0.99894982 0.12635487
0.98570713 -0.16143862 0.04815345 -3.76364537 0.16091975 0.98686112 0.01448904 16.38972304 -0.04986065 -0.00653201 0.99873478 0.11191050
0.98585542 -0.16049770 0.04824911 -3.79006946 0.15993730 0.98700909 0.01529720 16.50583303 -0.05007822 -0.00736389 0.99871835 0.11142040
0.98585322 -0.16148126 0.04491491 -3.81873103 0.16087739 0.98683213 0.01678036 16.63449158 -0.04703400 -0.00931695 0.99884971 0.11079742
0.98540837 -0.16540597 0.04012208 -3.84409437 0.16478390 0.98615921 0.01836822 16.77185076 -0.04260520 -0.01148757 0.99902658 0.10543835
0.98556474 -0.16541686 0.03604900 -3.87628570 0.16486082 0.98615457 0.01791514 16.91153759 -0.03851340 -0.01171364 0.99918992 0.10147956
0.98552571 -0.16527852 0.03770781 -3.90678412 0.16472406 0.98618670 0.01737881 17.05737402 -0.04006037 -0.01091538 0.99913826 0.09526763
0.98531329 -0.16507759 0.04365812 -3.93492982 0.16441089 0.98621885 0.01848541 17.21010904 -0.04610875 -0.01103456 0.99887532 0.08870352
0.98510116 -0.16525624 0.04759040 -3.96804453 0.16442040 0.98616665 0.02102034 17.36990121 -0.05040615 -0.01288154 0.99864548 0.09745430
0.98518543 -0.16514097 0.04622295 -4.00604558 0.16426995 0.98616827 0.02207415 17.53310653 -0.04922954 -0.01415394 0.99868702 0.10705606
0.98537138 -0.16474033 0.04362503 -4.05093304 0.16383503 0.98620568 0.02360152 17.70235668 -0.04691214 -0.01610822 0.99876933 0.11509347
0.98517501 -0.16681892 0.04002238 -4.09033144 0.16587690 0.98580761 0.02584252 17.87385107 -0.04376603 -0.01881982 0.99886498 0.12666974
0.98479590 -0.16900915 0.04016160 -4.12610074 0.16796568 0.98539181 0.02811171 18.04891527 -0.04432626 -0.02093796 0.99879764 0.13701064
0.98485666 -0.16656357 0.04809108 -4.16657151 0.16512978 0.98573879 0.03243216 18.22238043 -0.05280685 -0.02399899 0.99831618 0.14850878
0.98509158 -0.16401468 0.05189927 -4.20749766 0.16235911 0.98612261 0.03468309 18.39126074 -0.05686732 -0.02573907 0.99805041 0.16426507
0.98475007 -0.16654491 0.05029625 -4.24328153 0.16488028 0.98567062 0.03562828 18.56266707 -0.05550991 -0.02679120 0.99809868 0.17597338
0.98429450 -0.17011029 0.04717257 -4.27690286 0.16848888 0.98502799 0.03648344 18.73259485 -0.05267342 -0.02796136 0.99822013 0.18111683
0.98448372 -0.16938134 0.04584744 -4.31909290 0.16784367 0.98517258 0.03556584 18.89387759 -0.05119242 -0.02731815 0.99831574 0.18512878
0.98415180 -0.16947141 0.05219932 -4.37487623 0.16760656 0.98511089 0.03828508 19.04884847 -0.05791068 -0.02892811 0.99790301 0.18041187
0.98380542 -0.17127080 0.05284449 -4.42515312 0.16922885 0.98472365 0.04098668 19.20237977 -0.05905771 -0.03137960 0.99776150 0.18130002
0.98415425 -0.16999835 0.05040712 -4.48167473 0.16810832 0.98497046 0.03966528 19.35299569 -0.05639257 -0.03056210 0.99794103 0.17465199
0.98451931 -0.16715563 0.05273265 -4.54429591 0.16529892 0.98551734 0.03783402 19.49690859 -0.05829368 -0.02853102 0.99789193 0.16532912
0.98454067 -0.16596320 0.05600190 -4.59822781 0.16402504 0.98573908 0.03762048 19.63835946 -0.06144734 -0.02785204 0.99772155 0.16483375
0.98405629 -0.16731006 0.06033453 -4.64521590 0.16512125 0.98547669 0.03964040 19.78472796 -0.06609062 -0.02904437 0.99739117 0.16209999
0.98391991 -0.16944990 0.05645585 -4.69495014 0.16730571 0.98506107 0.04080122 19.93057180 -0.06252624 -0.03070000 0.99757151 0.16027366
0.98460215 -0.16750497 0.05000430 -4.76062594 0.16548947 0.98531332 0.04207811 20.07292553 -0.05631897 -0.03315464 0.99786274 0.15764395
0.98524752 -0.16665617 0.03889128 -4.82623699 0.16516046 0.98549698 0.03896944 20.21889635 -0.04482173 -0.03197052 0.99848364 0.15474492
0.98506206 -0.16844593 0.03575246 -4.88147678 0.16716245 0.98526081 0.03629453 20.36984875 -0.04133902 -0.02977581 0.99870106 0.14564664
0.98487729 -0.16939871 0.03633798 -4.92836097 0.16814921 0.98513683 0.03508070 20.53081165 -0.04174069 -0.02843962 0.99872338 0.13844152
0.98437679 -0.17113842 0.04138398 -4.96944306 0.16979712 0.98489127 0.03403690 20.69504957 -0.04658414 -0.02647795 0.99856315 0.12908936
0.98410796 -0.17082296 0.04848733 -5.01532566 0.16935646 0.98500421 0.03293621 20.85896120 -0.05338698 -0.02420122 0.99828072 0.12415180
0.98413731 -0.16888738 0.05432164 -5.06713960 0.16732197 0.98537634 0.03221908 21.02823449 -0.05896941 -0.02261800 0.99800344 0.12058604
0.98460247 -0.16619705 0.05419111 -5.12438064 0.16472929 0.98586550 0.03054181 21.20622231 -0.05850095 -0.02114407 0.99806331 0.10977851
0.98463879 -0.16744349 0.04948021 -5.17415816 0.16611095 0.98565186 0.02995466 21.39118290 -0.05378622 -0.02127434 0.99832595 0.10099244
0.98452608 -0.16823907 0.04902937 -5.22821607 0.16687288 0.98549875 0.03077521 21.58401912 -0.05349633 -0.02211618 0.99832294 0.09209350
0.98474375 -0.16787989 0.04578022 -5.28904999 0.16639369 0.98545289 0.03457416 21.78648019 -0.05091857 -0.02642873 0.99835311 0.08235916
0.98545019 -0.16660257 0.03362464 -5.35344926 0.16529893 0.98549426 0.03844054 21.99504360 -0.03954171 -0.03232167 0.99869471 0.08273125
0.98514545 -0.17031202 0.02194989 -5.40742896 0.16927294 0.98464322 0.04271355 22.21093390 -0.02888803 -0.03836341 0.99884612 0.08880942
0.98477244 -0.17211779 0.02444715 -5.46918850 0.17087162 0.98420825 0.04622401 22.42864012 -0.03201815 -0.04134230 0.99863196 0.08799800
0.98598516 -0.16474681 0.02628395 -5.54906986 0.16355773 0.98562498 0.04233817 22.64077237 -0.03288116 -0.03744436 0.99875729 0.07628795
0.98641920 -0.16262399 0.02303290 -5.62221140 0.16167902 0.98610299 0.03823572 22.85918028 -0.02893079 -0.03399153 0.99900295 0.06330084
0.98606971 -0.16497189 0.02122544 -5.68591216 0.16414011 0.98576925 0.03629592 23.08194780 -0.02691109 -0.03230586 0.99911570 0.05425141
0.98624742 -0.16434877 0.01743801 -5.75508561 0.16360126 0.98579337 0.03801739 23.30484234 -0.02343918 -0.03464143 0.99912536 0.05286966
0.98669918 -0.16154263 0.01811402 -5.82754003 0.16063976 0.98605608 0.04345462 23.52507648 -0.02488109 -0.03996695 0.99889171 0.06576368
0.98657746 -0.16171929 0.02259414 -5.88902491 0.16051809 0.98588796 0.04752987 23.74622924 -0.02996284 -0.04326483 0.99861490 0.06927499
0.98627273 -0.16223188 0.03076411 -5.94498000 0.16057995 0.98574669 0.05018409 23.96234661 -0.03846735 -0.04455391 0.99826591 0.06262971
0.98643587 -0.15955290 0.03855660 -6.00823937 0.15759388 0.98626732 0.04942243 24.17383925 -0.04591339 -0.04267560 0.99803370 0.05033648
0.98719901 -0.15521578 0.03669293 -6.08438333 0.15356992 0.98715332 0.04410275 24.37853707 -0.04306749 -0.03790339 0.99835305 0.02685990
0.98786141 -0.15321590 0.02557107 -6.17225484 0.15224048 0.98766899 0.03652150 24.58650900 -0.03085187 -0.03218463 0.99900558 0.01245553
0.98822304 -0.15276590 0.00881782 -6.25713837 0.15242721 0.98782653 0.03106276 24.79480910 -0.01345635 -0.02935243 0.99947845 0.00243457
0.98806916 -0.15393475 0.00475092 -6.33196410 0.15371293 0.98761449 0.03148354 25.00091321 -0.00953888 -0.03037673 0.99949265 0.00068757
0.98784974 -0.15527137 0.00647711 -6.40066552 0.15496148 0.98731847 0.03448325 25.20269113 -0.01174940 -0.03305935 0.99938492 0.00721503
0.98823341 -0.15242267 0.01272595 -6.47346099 0.15190350 0.98777995 0.03489439 25.39879962 -0.01788991 -0.03255035 0.99930990 0.01191593
0.98859219 -0.14971705 0.01640591 -6.54486191 0.14906838 0.98819066 0.03545599 25.59396072 -0.02152068 -0.03260467 0.99923668 0.01120872
0.98867600 -0.14890541 0.01863104 -6.61282212 0.14812949 0.98824697 0.03775659 25.78302785 -0.02403467 -0.03456802 0.99911323 0.01562743
0.98883701 -0.14806818 0.01662763 -6.68475319 0.14735979 0.98835792 0.03785798 25.96632546 -0.02204010 -0.03498483 0.99914446 0.02091492
0.98882612 -0.14817392 0.01631067 -6.75398140 0.14751693 0.98840432 0.03600351 26.14532092 -0.02145677 -0.03319518 0.99921829 0.02060989
0.98842002 -0.15032307 0.02070186 -6.81384036 0.14950345 0.98808156 0.03666092 26.32020246 -0.02596639 -0.03314099 0.99911312 0.02062536
0.98853097 -0.14901404 0.02451953 -6.86072058 0.14800201 0.98822070 0.03893158 26.49336351 -0.03003315 -0.03485553 0.99894081 0.01387312
0.98904963 -0.14492613 0.02788402 -6.91228577 0.14371110 0.98874840 0.04151931 26.65757270 -0.03358807 -0.03705731 0.99874890 0.01201120
0.98906040 -0.14423316 0.03092647 -6.96153918 0.14293020 0.98888802 0.04088296 26.81898980 -0.03647951 -0.03601495 0.99868537 0.00142518
0.98908631 -0.14459282 0.02829993 -7.00866152 0.14345485 0.98889646 0.03879458 26.97647651 -0.03359525 -0.03431127 0.99884606 -0.00930405
0.98954609 -0.14245045 0.02247203 -7.06490069 0.14161172 0.98929225 0.03531418 27.12934035 -0.02726261 -0.03176195 0.99912343 -0.01688324
0.98972199 -0.14169566 0.01930013 -7.11944461 0.14109238 0.98955075 0.02969684 27.28348991 -0.02330705 -0.02666799 0.99937232 -0.03040238
0.98947503 -0.14330973 0.02000395 -7.16213470 0.14277927 0.98941799 0.02581769 27.44279441 -0.02349256 -0.02268938 0.99946654 -0.04817865
0.98965267 -0.14110376 0.02601718 -7.20876604 0.14046754 0.98977243 0.02489403 27.60116730 -0.02926436 -0.02098094 0.99935171 -0.06070054
0.99015150 -0.13648502 0.03116043 -7.26265704 0.13571641 0.99041718 0.02557734 27.76093345 -0.03435409 -0.02109599 0.99918707 -0.06873174
0.99042490 -0.13450707 0.03107332 -7.31090840 0.13373084 0.99068067 0.02586405 27.92282149 -0.03426303 -0.02146010 0.99918267 -0.06992978
0.99072473 -0.13375858 0.02392661 -7.35563206 0.13321643 0.99081997 0.02300712 28.09441597 -0.02678484 -0.01960588 0.99944931 -0.06541902
0.99068953 -0.13451236 0.02098155 -7.39983780 0.13409062 0.99076066 0.02033751 28.26935220 -0.02352418 -0.01733476 0.99957293 -0.06922238
0.99102739 -0.13227915 0.01913706 -7.44727846 0.13183882 0.99101227 0.02268321 28.44773774 -0.02196639 -0.01995586 0.99956004 -0.06653902
0.99164363 -0.12755352 0.01928835 -7.49433495 0.12694292 0.99145308 0.03012005 28.62948083 -0.02296577 -0.02741906 0.99936053 -0.05713708
0.99210755 -0.12283460 0.02518458 -7.53520651 0.12181243 0.99179734 0.03873861 28.81666531 -0.02973687 -0.03536437 0.99893229 -0.04861713
0.99259850 -0.11682563 0.03314280 -7.57667904 0.11542344 0.99245069 0.04146158 29.00553038 -0.03773700 -0.03732873 0.99859053 -0.04782082
0.99325060 -0.11111897 0.03325845 -7.61780659 0.10985517 0.99323324 0.03767990 29.19540028 -0.03722032 -0.03377196 0.99873629 -0.05201161
0.99403994 -0.10513443 0.02882118 -7.66480703 0.10416492 0.99400265 0.03329880 29.38691466 -0.03214954 -0.03009815 0.99902983 -0.05186595
0.99461127 -0.10098727 0.02343474 -7.71155651 0.10023124 0.99446666 0.03146134 29.57822511 -0.02648265 -0.02894218 0.99923083 -0.04622980
0.99520058 -0.09671096 0.01492589 -7.75723315 0.09617078 0.99480277 0.03344472 29.76508701 -0.01808356 -0.03184787 0.99932880 -0.03339509
0.99566267 -0.09248854 0.01008325 -7.79345799 0.09202828 0.99498409 0.03922066 29.95391502 -0.01366059 -0.03812267 0.99917967 -0.02723031
0.99602060 -0.08856074 0.00997464 -7.82402528 0.08804688 0.99515743 0.04370173 30.13760382 -0.01379677 -0.04264930 0.99899545 -0.02842697
0.99644972 -0.08239677 0.01727942 -7.85414573 0.08151782 0.99558461 0.04654310 30.31368303 -0.02103796 -0.04496874 0.99876709 -0.03443448
0.99692201 -0.07499998 0.02281598 -7.88624521 0.07381155 0.99606229 0.04910922 30.48503741 -0.02640953 -0.04727453 0.99853319 -0.03902441
0.99732797 -0.07041908 0.01941392 -7.91622187 0.06935199 0.99628697 0.05101651 30.65613779 -0.02293439 -0.04953314 0.99850910 -0.04562411
0.99759508 -0.06850134 0.01054929 -7.94598084 0.06784581 0.99626471 0.05341637 30.82586902 -0.01416926 -0.05257173 0.99851659 -0.05288564
0.99792322 -0.06438700 0.00191251 -7.98194388 0.06419058 0.99647357 0.05403743 30.98650471 -0.00538556 -0.05380185 0.99853775 -0.05799760
0.99819405 -0.05976491 -0.00612298 -8.01780788 0.06000673 0.99678374 0.05311518 31.14586764 0.00292834 -0.05338654 0.99857027 -0.06636691
0.99838862 -0.05479735 -0.01471755 -8.05160837 0.05549373 0.99709926 0.05209251 31.30502477 0.01181952 -0.05282453 0.99853446 -0.07804372
0.99850643 -0.05003936 -0.02189713 -8.08193211 0.05114362 0.99727491 0.05317451 31.46053609 0.01917658 -0.05421453 0.99834485 -0.09091643
0.99860572 -0.04719735 -0.02362149 -8.09559136 0.04840177 0.99740417 0.05332642 31.61546615 0.02104262 -0.05439573 0.99829809 -0.12140155
0.99876394 -0.04373495 -0.02359901 -8.10626352 0.04495647 0.99752873 0.05398816 31.76705539 0.02117889 -0.05498112 0.99826254 -0.14583638
0.99923164 -0.03520429 -0.01718572 -8.12223175 0.03617621 0.99754500 0.05995829 31.91743586 0.01503137 -0.06053338 0.99805289 -0.16416380
0.99975526 -0.02131490 -0.00579102 -8.14075126 0.02165952 0.99744947 0.06801606 32.06594105 0.00432572 -0.06812482 0.99766804 -0.18274477
0.99991532 -0.01128946 0.00637304 -8.14570520 0.01079739 0.99730386 0.07258225 32.21353407 -0.00717622 -0.07250726 0.99734273 -0.20778975
0.99986545 -0.00385710 0.01594162 -8.14354591 0.00267824 0.99730333 0.07333840 32.35370569 -0.01618155 -0.07328477 0.99717987 -0.23173255
0.99972243 0.00748515 0.02233286 -8.15295936 -0.00902764 0.99752324 0.06975479 32.48977911 -0.02175569 -0.06993637 0.99731460 -0.25780292
0.99945971 0.02220411 0.02423156 -8.17117659 -0.02370715 0.99769244 0.06363027 32.62226046 -0.02276272 -0.06416974 0.99767952 -0.28640915
0.99903136 0.03610089 0.02514903 -8.18249195 -0.03756139 0.99747475 0.06028704 32.75602383 -0.02290910 -0.06117274 0.99786402 -0.31648532
0.99816629 0.04974498 0.03446960 -8.18583952 -0.05184036 0.99667695 0.06283012 32.89148824 -0.03123044 -0.06450166 0.99742926 -0.33724587
0.99673889 0.06586643 0.04661722 -8.18395523 -0.06894394 0.99531267 0.06782405 33.04876091 -0.04193197 -0.07081579 0.99660770 -0.32718324
0.99532607 0.08049818 0.05335024 -8.18023189 -0.08399055 0.99422276 0.06683588 33.20234047 -0.04766330 -0.07100417 0.99633636 -0.32365276
0.99411219 0.09521877 0.05171763 -8.18182691 -0.09815088 0.99351113 0.05746237 33.35115253 -0.04591091 -0.06220003 0.99700748 -0.33077480
0.99280507 0.11226830 0.04164583 -8.18680597 -0.11416814 0.99237425 0.04645629 33.49500339 -0.03611318 -0.05087656 0.99805179 -0.33672434
0.99105836 0.13033682 0.02853282 -8.19211632 -0.13136123 0.99062243 0.03758322 33.63783828 -0.02336790 -0.04099488 0.99888659 -0.33738728
0.98837925 0.15060247 0.02059657 -8.19689326 -0.15123143 0.98793134 0.03347203 33.78271719 -0.01530743 -0.03619708 0.99922789 -0.33349089
0.98516234 0.17097591 0.01487249 -8.19589414 -0.17139058 0.98462924 0.03361876 33.93208455 -0.00889700 -0.03566824 0.99932468 -0.32688697
0.98114009 0.19316989 0.00702312 -8.19259705 -0.19329774 0.98047276 0.03618357 34.08839500 0.00010286 -0.03685812 0.99932094 -0.32183315
0.97596421 0.21793042 -0.00061742 -8.19149946 -0.21773194 0.97518614 0.04006125 34.24869147 0.00933205 -0.03896360 0.99919713 -0.31813352
0.97020220 0.24211538 -0.00936361 -8.18568036 -0.24137517 0.96915941 0.04968077 34.40928553 0.02110271 -0.04593968 0.99872106 -0.30261785
0.96447409 0.26351132 -0.01872892 -8.17703239 -0.26190602 0.96305540 0.06268729 34.55813567 0.03455514 -0.05555493 0.99785715 -0.28656577
0.95885719 0.28277371 -0.02513281 -8.16241792 -0.28046075 0.95727721 0.07044499 34.70040330 0.04397879 -0.06049766 0.99719885 -0.27654043
0.95229803 0.30388703 -0.02792506 -8.14270890 -0.30143571 0.95097469 0.06917129 34.83064979 0.04757561 -0.05745447 0.99721406 -0.28282147
0.94450574 0.32766129 -0.02337551 -8.11599340 -0.32576354 0.94343719 0.06168938 34.95484677 0.04226599 -0.05065099 0.99782211 -0.30287033
0.93520427 0.35401499 -0.00811570 -8.08814211 -0.35316751 0.93414437 0.05145649 35.07949888 0.02579687 -0.04525573 0.99864282 -0.32856391
0.92601587 0.37747634 0.00219974 -8.05434224 -0.37714914 0.92493639 0.04745372 35.20482957 0.01587781 -0.04477183 0.99887111 -0.34608963
0.91700419 0.39884217 0.00515813 -8.01988442 -0.39857391 0.91573231 0.05073662 35.33329535 0.01551201 -0.04858161 0.99869854 -0.35090715
0.90697870 0.42115269 0.00437130 -7.99138941 -0.42067338 0.90534219 0.05821439 35.46467094 0.02055882 -0.05463735 0.99829500 -0.34793122
0.89574308 0.44457235 -0.00058839 -7.96452388 -0.44364147 0.89395266 0.06349704 35.59232283 0.02875509 -0.05661570 0.99798164 -0.34842500
0.88351352 0.46840418 -0.00117366 -7.92180248 -0.46741695 0.88180894 0.06272120 35.71748020 0.03041247 -0.05486637 0.99803066 -0.35915247
0.87125804 0.49078016 0.00669994 -7.80547209 -0.49031295 0.86964300 0.05757772 35.87540271 0.02243097 -0.05344901 0.99831918 -0.37863905
0.85973907 0.51026278 0.02191881 -7.68327835 -0.51068482 0.85827714 0.05061319 36.02554137 0.00701358 -0.05470759 0.99847780 -0.39387441
0.84720879 0.53002138 0.03625975 -7.56106402 -0.53119752 0.84618252 0.04248814 36.17080132 -0.00816347 -0.05525656 0.99843910 -0.41239730
0.82923498 0.55727880 0.04253375 -7.45809742 -0.55869979 0.82857231 0.03637698 36.32341778 -0.01497080 -0.05392795 0.99843222 -0.43016784
0.81112472 0.58347682 0.04037748 -7.35749327 -0.58476170 0.81038345 0.03651301 36.48134491 -0.01141758 -0.05322754 0.99851680 -0.44743282
0.79639603 0.60395074 0.03156776 -7.24501422 -0.60477524 0.79530592 0.04166235 36.63707048 0.00005529 -0.05227014 0.99863291 -0.46512200
0.78237510 0.62243178 0.02160116 -7.12371536 -0.62264171 0.78089956 0.05014693 36.79151310 0.01434335 -0.05268429 0.99850806 -0.48366267
0.76749810 0.64072260 0.02050713 -6.99941203 -0.64070911 0.76565430 0.05714859 36.93893109 0.02091467 -0.05700062 0.99815497 -0.49408685
0.75204410 0.65868529 0.02372823 -6.86880409 -0.65868225 0.74976443 0.06317179 37.07701439 0.02381947 -0.06313802 0.99772056 -0.49603014
0.73875564 0.67316206 0.03305177 -6.72719139 -0.67369995 0.73617248 0.06463606 37.20617088 0.01917799 -0.07001645 0.99736179 -0.49610332
0.72655200 0.68604134 0.03833547 -6.56515966 -0.68688059 0.72373099 0.06640192 37.33445140 0.01780877 -0.07457631 0.99705664 -0.49263457
0.71243515 0.70084221 0.03543684 -6.41201341 -0.70134954 0.70945349 0.06917163 37.46535338 0.02333702 -0.07413428 0.99697546 -0.50228588
0.69627455 0.71719001 0.02898801 -6.26324559 -0.71700827 0.69309580 0.07428567 37.59934868 0.03318489 -0.07250791 0.99681606 -0.51793308
0.67933209 0.73350630 0.02182300 -6.11234080 -0.73231927 0.67572533 0.08429125 37.73060105 0.04708133 -0.07324374 0.99620191 -0.52817013
0.66440903 0.74710024 0.02003989 -5.95513964 -0.74518236 0.66017705 0.09417292 37.85619515 0.05712672 -0.07750288 0.99535419 -0.53179283
0.64946533 0.76003880 0.02312825 -5.79724525 -0.75806199 0.64479816 0.09787388 37.97397944 0.05947412 -0.08109869 0.99492976 -0.53483573
0.63414088 0.77275346 0.02678939 -5.63703493 -0.77097477 0.62928527 0.09796554 38.08282113 0.05884452 -0.08277693 0.99482892 -0.53771559
0.61767309 0.78571761 0.03357265 -5.47374805 -0.78465521 0.61284423 0.09347515 38.18953447 0.05287038 -0.08408033 0.99505530 -0.54512257
0.60256718 0.79713306 0.03862314 -5.30692966 -0.79651459 0.59767176 0.09140103 38.29255749 0.04977360 -0.08583881 0.99506496 -0.55252752
0.58836020 0.80740214 0.04396045 -5.14997636 -0.80734312 0.58355062 0.08755394 38.38294111 0.04503818 -0.08700497 0.99518900 -0.55724631
0.57061757 0.81981812 0.04787688 -5.05752055 -0.82026369 0.56618081 0.08128375 38.43179312 0.03953019 -0.08565319 0.99554042 -0.56226246
0.55233593 0.83208448 0.05060043 -4.96706791 -0.83293655 0.54840607 0.07393638 38.47474765 0.03377155 -0.08298533 0.99597848 -0.57181371
0.53597162 0.84257460 0.05293711 -4.87457547 -0.84376821 0.53253463 0.06680010 38.51384594 0.02809282 -0.08046910 0.99636093 -0.58350472
0.52138748 0.85171327 0.05232602 -4.77603997 -0.85274282 0.51780050 0.06864722 38.55235376 0.03137322 -0.08041230 0.99626814 -0.59038504
0.50620454 0.86079181 0.05285403 -4.67132644 -0.86148717 0.50186997 0.07724341 38.60117055 0.03996366 -0.08463452 0.99561063 -0.59456036
0.49022558 0.86990584 0.05424570 -4.56114578 -0.87010008 0.48479209 0.08889855 38.65591911 0.05103560 -0.09077922 0.99456245 -0.59736284
0.47233543 0.87972070 0.05468088 -4.44761935 -0.87921054 0.46585465 0.09984256 38.70832056 0.06236073 -0.09523592 0.99349953 -0.59880266
0.45438642 0.88914747 0.05430367 -4.33073245 -0.88847119 0.44794307 0.09983048 38.75230870 0.06443898 -0.09360936 0.99352133 -0.60772069
0.43529873 0.89894141 0.04918160 -4.21411786 -0.89808010 0.42976248 0.09357253 38.78798643 0.06297916 -0.08490127 0.99439754 -0.62464827
0.41491575 0.90888564 0.04208147 -4.09812426 -0.90811675 0.41081587 0.08096440 38.81802161 0.05629855 -0.07180886 0.99582852 -0.64636501
0.38967122 0.92038710 0.03229928 -3.97348126 -0.91941963 0.38676008 0.07130894 38.86516797 0.05313991 -0.05748381 0.99693180 -0.66313344
0.36225355 0.93167339 0.02749731 -3.83885675 -0.93078236 0.36003569 0.06339791 38.91999715 0.04916581 -0.04856022 0.99760977 -0.68377917
0.33978875 0.94004654 0.02924515 -3.68764629 -0.93926121 0.33757897 0.06187745 38.97173858 0.04829500 -0.04849380 0.99765572 -0.69868628
0.31913272 0.94717392 0.03186085 -3.53173343 -0.94586805 0.31623787 0.07299023 39.02012346 0.05905820 -0.05342983 0.99682395 -0.70050977
0.29441029 0.95510558 0.03310271 -3.37960259 -0.95327836 0.29104107 0.08096755 39.06992476 0.06769747 -0.05539337 0.99616693 -0.70070535
0.26762859 0.96302700 0.03089453 -3.23631069 -0.96114727 0.26458110 0.07869714 39.11735484 0.06761262 -0.05075586 0.99641994 -0.69878187
0.23930464 0.97064843 0.02396524 -3.09571562 -0.96807760 0.23663067 0.08265582 39.16055048 0.07455910 -0.04298049 0.99628968 -0.69318598
0.20989507 0.97753232 0.01936388 -2.94700164 -0.97407677 0.20736214 0.09042030 39.20174754 0.08437361 -0.03784090 0.99571553 -0.69124097
0.18220694 0.98298320 0.02331193 -2.79208891 -0.98013960 0.17969020 0.08389299 39.23865080 0.07827568 -0.03813512 0.99620221 -0.69735195
0.16219311 0.98624955 0.03170992 -2.63467446 -0.98394949 0.15922522 0.08055986 39.25664368 0.07440295 -0.04426756 0.99624550 -0.68875277
0.14452981 0.98873709 0.03886031 -2.45544405 -0.98690264 0.14119491 0.07802536 39.25932473 0.07165869 -0.04962785 0.99619417 -0.66979886
0.12228854 0.99165366 0.04083449 -2.28182958 -0.99004780 0.11899638 0.07513676 39.26353434 0.06965047 -0.04961596 0.99633723 -0.65884586
0.09948487 0.99425052 0.03959648 -2.10903510 -0.99292648 0.09660351 0.06902470 39.26960251 0.06480188 -0.04618378 0.99682896 -0.66040818
0.07610748 0.99646326 0.03559456 -1.94046847 -0.99477004 0.07344295 0.07097914 39.27864165 0.06811396 -0.04081118 0.99684305 -0.66467211
0.05098249 0.99832052 0.02749530 -1.77333926 -0.99537241 0.04854765 0.08293198 39.28994816 0.08145717 -0.03159603 0.99617564 -0.67700033
0.02401060 0.99958024 0.01619340 -1.59860218 -0.99523090 0.02236805 0.09495462 39.29967136 0.09455179 -0.01839633 0.99534968 -0.70416006
0.00376677 0.99992006 0.01203529 -1.42010984 -0.99489565 0.00253361 0.10088098 39.28717392 0.10084283 -0.01235479 0.99482624 -0.71799197
-0.00822574 0.99977299 0.01965612 -1.24966097 -0.99507732 -0.01012560 0.09858163 39.25450265 0.09875771 -0.01874850 0.99493544 -0.69844709
-0.02387548 0.99914298 0.03379700 -1.08507729 -0.99592850 -0.02671038 0.08610025 39.22337672 0.08692878 -0.03160391 0.99571377 -0.65643842
-0.04498859 0.99811457 0.04176258 -0.92466541 -0.99569246 -0.04819351 0.07920727 39.20499305 0.08106979 -0.03801961 0.99598319 -0.62638764
-0.06523115 0.99713093 0.03839584 -0.80221129 -0.99398474 -0.06832073 0.08559843 39.19501698 0.08797572 -0.03258158 0.99559010 -0.62814815
-0.08087207 0.99629664 0.02917213 -0.67819547 -0.99104630 -0.08349686 0.10419084 39.17551889 0.10624097 -0.02048527 0.99412980 -0.65167062
-0.09802309 0.99492526 0.02268343 -0.55658492 -0.98876690 -0.09994926 0.11112884 39.15402688 0.11283148 -0.01153521 0.99354712 -0.67225217
-0.11799824 0.99272015 0.02414640 -0.44688672 -0.98734577 -0.11988446 0.10381458 39.13219657 0.10595374 -0.01159183 0.99430348 -0.66816002
-0.13963628 0.98981012 0.02787271 -0.34918657 -0.98581332 -0.14160894 0.09010919 39.10404334 0.09313773 -0.01489524 0.99554143 -0.65043125
-0.15534306 0.98741219 0.02975065 -0.25783282 -0.98486517 -0.15714585 0.07312347 39.06324052 0.07687846 -0.01794215 0.99687928 -0.63198065
-0.16454049 0.98589300 0.03066104 -0.17070088 -0.98406972 -0.16619884 0.06311978 39.01687209 0.06732510 -0.01978668 0.99753496 -0.61815175
-0.17436231 0.98411156 0.03349512 -0.08741175 -0.98222810 -0.17622768 0.06458964 38.98050115 0.06946626 -0.02163844 0.99734982 -0.60197277
-0.18542876 0.98198662 0.03630115 -0.01044414 -0.97974985 -0.18759394 0.06999048 38.95467091 0.07553861 -0.02258855 0.99688723 -0.58922045
-0.19410342 0.98027610 0.03716592 0.05467917 -0.97747786 -0.19647036 0.07705583 38.92982510 0.08283730 -0.02137250 0.99633378 -0.58079867
-0.20352611 0.97845974 0.03454092 0.10296399 -0.97511763 -0.20574487 0.08254845 38.92652789 0.08787649 -0.01688072 0.99598861 -0.57411259
-0.21473088 0.97623608 0.02921541 0.14867249 -0.97278986 -0.21644575 0.08264673 38.91651375 0.08700656 -0.01067428 0.99615053 -0.57196585
-0.22493073 0.97409547 0.02330965 0.19587417 -0.97110052 -0.22606974 0.07652928 38.89813268 0.07981618 -0.00542234 0.99679531 -0.56969725
-0.23367035 0.97211378 0.01979301 0.24621675 -0.96950881 -0.23449411 0.07117387 38.87509354 0.07382963 -0.00255932 0.99726803 -0.56343777
-0.24442189 0.96948678 0.01877465 0.30146701 -0.96692082 -0.24513944 0.07050924 38.85715559 0.07295967 -0.00091931 0.99733497 -0.55551021
-0.25694097 0.96623590 0.01921210 0.36624341 -0.96326446 -0.25765725 0.07572974 38.84231562 0.07812241 0.00095114 0.99694390 -0.54720181
-0.26635792 0.96362256 0.02201422 0.43385915 -0.95996851 -0.26726277 0.08384982 38.81691550 0.08668312 0.00120068 0.99623488 -0.53270379
-0.27568810 0.96091928 0.02509088 0.50119612 -0.95702462 -0.27682744 0.08642948 38.78559475 0.08999774 -0.00018600 0.99594263 -0.51550791
-0.28956839 0.95676723 0.02731523 0.56832454 -0.95319529 -0.29084677 0.08262576 38.75563573 0.08699789 -0.00211067 0.99620656 -0.49745053
-0.30592118 0.95163482 0.02834773 0.63440340 -0.94854493 -0.30721245 0.07670517 38.72762895 0.08170333 -0.00342354 0.99665070 -0.47897215
-0.32166862 0.94650066 0.02581071 0.70041511 -0.94369624 -0.32270083 0.07280807 38.70949355 0.07724194 -0.00093723 0.99701159 -0.47244538
-0.33310306 0.94263457 0.02194921 0.76996980 -0.93971191 -0.33379929 0.07428982 38.68279655 0.07735462 0.00411943 0.99699570 -0.46940374
-0.34501195 0.93838830 0.01985732 0.84609285 -0.93484196 -0.34544514 0.08208202 38.65150543 0.08388388 0.00975615 0.99642809 -0.46633210
-0.35996075 0.93273504 0.02081737 0.92778708 -0.92883618 -0.36037562 0.08598614 38.62239182 0.08770428 0.01161475 0.99607943 -0.45792471
-0.37656994 0.92604277 0.02529412 1.00510516 -0.92253764 -0.37735196 0.08081175 38.59260710 0.08437994 0.00709587 0.99640887 -0.43581882
-0.39364515 0.91880136 0.02911896 1.08054460 -0.91571942 -0.39470890 0.07525372 38.55801599 0.08063740 0.00295859 0.99673884 -0.41009916
-0.41276876 0.91044642 0.02662576 1.16082984 -0.90767987 -0.41359465 0.07111723 38.51646783 0.07576066 0.00518746 0.99711289 -0.40238972
-0.43263783 0.90134121 0.02021829 1.24933862 -0.89886538 -0.43296686 0.06767918 38.46558957 0.06975571 0.01110590 0.99750246 -0.41062904
-0.45132103 0.89219311 0.01733122 1.34369249 -0.88975481 -0.45140098 0.06763454 38.40694229 0.06816627 0.01510376 0.99755964 -0.41501647
-0.47190242 0.88151416 0.01552549 1.45414541 -0.87911534 -0.47180690 0.06749513 38.34679518 0.06682355 0.01820181 0.99759893 -0.41889322
